λ,σ,Δσ
179.2133,5.361e-21,NaN
179.21623,6.357e-21,NaN
179.21917,3.513e-21,NaN
179.2221,3.767e-21,NaN
179.22503,3.655e-21,NaN
179.22796,4.242e-21,NaN
179.23089,4.576e-21,NaN
179.23383,6.832e-21,NaN
179.23676,7.682e-21,NaN
179.23969,8.364e-21,NaN
179.24005,1.697e-20,NaN
179.24034,1.471e-20,NaN
179.24063,1.475e-20,NaN
179.24092,1.688e-20,NaN
179.24121,1.676e-20,NaN
179.2415,1.508e-20,NaN
179.24179,1.305e-20,NaN
179.24208,1.086e-20,NaN
179.24237,1.02e-20,NaN
179.24266,1.387e-20,NaN
179.24296,1.998e-20,NaN
179.24325,2.433e-20,NaN
179.24354,3.132e-20,NaN
179.24383,4.11e-20,NaN
179.24412,5.043e-20,NaN
179.24444,5.839e-20,NaN
179.24473,6.291e-20,NaN
179.24502,6.674e-20,NaN
179.24531,6.536e-20,NaN
179.2456,5.866e-20,NaN
179.24586,5.092e-20,NaN
179.24618,4.929e-20,NaN
179.24644,4.893e-20,NaN
179.24673,5.271e-20,NaN
179.24706,5.955e-20,NaN
179.24732,7.224e-20,NaN
179.24768,9.171e-20,NaN
179.24797,1.155e-19,NaN
179.24828,1.495e-19,NaN
179.24858,1.871e-19,NaN
179.2489,2.193e-19,NaN
179.24919,2.368e-19,NaN
179.24948,2.295e-19,NaN
179.24977,2.112e-19,NaN
179.25004,1.876e-19,NaN
179.25029,1.825e-19,NaN
179.25062,1.971e-19,NaN
179.25093,2.282e-19,NaN
179.25122,2.742e-19,NaN
179.25151,3.149e-19,NaN
179.2518,3.284e-19,NaN
179.25209,3.227e-19,NaN
179.25239,2.913e-19,NaN
179.25264,2.322e-19,NaN
179.25291,1.783e-19,NaN
179.2532,1.4e-19,NaN
179.25349,1.128e-19,NaN
179.25378,9.522e-20,NaN
179.25403,7.8e-20,NaN
179.25432,6.513e-20,NaN
179.25461,5.997e-20,NaN
179.25487,5.573e-20,NaN
179.25519,5.341e-20,NaN
179.25545,5.063e-20,NaN
179.25578,5.466e-20,NaN
179.25607,6.097e-20,NaN
179.25636,6.48e-20,NaN
179.25665,7.301e-20,NaN
179.25698,9.225e-20,NaN
179.25727,1.217e-19,NaN
179.25758,1.688e-19,NaN
179.25791,2.243e-19,NaN
179.2582,2.747e-19,NaN
179.25849,3.286e-19,NaN
179.25882,3.614e-19,NaN
179.25907,3.518e-19,NaN
179.25936,3.209e-19,NaN
179.25965,2.879e-19,NaN
179.25994,2.604e-19,NaN
179.26024,2.344e-19,NaN
179.2605,2.235e-19,NaN
179.2608,2.228e-19,NaN
179.26111,2.317e-19,NaN
179.2614,2.469e-19,NaN
179.26169,2.602e-19,NaN
179.26198,2.792e-19,NaN
179.26227,2.976e-19,NaN
179.26256,3.054e-19,NaN
179.26285,2.993e-19,NaN
179.26314,2.865e-19,NaN
179.26343,2.714e-19,NaN
179.26372,2.637e-19,NaN
179.26402,2.674e-19,NaN
179.2643,2.752e-19,NaN
179.26457,2.644e-19,NaN
179.26489,2.359e-19,NaN
179.26515,2.03e-19,NaN
179.26545,1.759e-19,NaN
179.2657,1.573e-19,NaN
179.26599,1.453e-19,NaN
179.26628,1.399e-19,NaN
179.26657,1.365e-19,NaN
179.26686,1.33e-19,NaN
179.26715,1.316e-19,NaN
179.26744,1.269e-19,NaN
179.26774,1.151e-19,NaN
179.26803,1.009e-19,NaN
179.26831,8.812e-20,NaN
179.26857,7.397e-20,NaN
179.26886,6.249e-20,NaN
179.26915,6.005e-20,NaN
179.26944,5.995e-20,NaN
179.26973,5.68e-20,NaN
179.26999,5.324e-20,NaN
179.27028,4.913e-20,NaN
179.27057,4.859e-20,NaN
179.27086,4.907e-20,NaN
179.27115,5.2e-20,NaN
179.27147,5.635e-20,NaN
179.27176,6.328e-20,NaN
179.27206,7.08e-20,NaN
179.27235,8.269e-20,NaN
179.27268,9.934e-20,NaN
179.27297,1.187e-19,NaN
179.27326,1.411e-19,NaN
179.27359,1.692e-19,NaN
179.27387,1.874e-19,NaN
179.27416,1.829e-19,NaN
179.27442,1.723e-19,NaN
179.27471,1.564e-19,NaN
179.275,1.388e-19,NaN
179.27529,1.248e-19,NaN
179.27558,1.13e-19,NaN
179.27587,1.033e-19,NaN
179.27612,9.572e-20,NaN
179.27642,9.43e-20,NaN
179.27671,9.658e-20,NaN
179.277,1.003e-19,NaN
179.27733,1.069e-19,NaN
179.27762,1.209e-19,NaN
179.27791,1.456e-19,NaN
179.27823,1.824e-19,NaN
179.27855,2.281e-19,NaN
179.27884,2.808e-19,NaN
179.27913,3.308e-19,NaN
179.27942,3.849e-19,NaN
179.27974,4.532e-19,NaN
179.28004,4.914e-19,NaN
179.28033,4.98e-19,NaN
179.28062,4.824e-19,NaN
179.28091,4.671e-19,NaN
179.2812,4.51e-19,NaN
179.28149,4.339e-19,NaN
179.28178,4.155e-19,NaN
179.28207,4.101e-19,NaN
179.28236,4.372e-19,NaN
179.28265,4.758e-19,NaN
179.28294,4.884e-19,NaN
179.28323,4.685e-19,NaN
179.28352,4.303e-19,NaN
179.28382,3.701e-19,NaN
179.28407,3.012e-19,NaN
179.28434,2.475e-19,NaN
179.28463,2.05e-19,NaN
179.28489,1.717e-19,NaN
179.28518,1.515e-19,NaN
179.28547,1.34e-19,NaN
179.28572,1.176e-19,NaN
179.28601,1.075e-19,NaN
179.28634,9.729e-20,NaN
179.28659,8.324e-20,NaN
179.28688,7.379e-20,NaN
179.28717,6.44e-20,NaN
179.28746,5.635e-20,NaN
179.28775,5.006e-20,NaN
179.28801,4.758e-20,NaN
179.2883,4.896e-20,NaN
179.28862,4.366e-20,NaN
179.28889,3.512e-20,NaN
179.28917,2.904e-20,NaN
179.28947,2.722e-20,NaN
179.28976,2.919e-20,NaN
179.29005,2.738e-20,NaN
179.29034,2.451e-20,NaN
179.29063,2.235e-20,NaN
179.29092,2.256e-20,NaN
179.29121,2.219e-20,NaN
179.2915,2.058e-20,NaN
179.29179,1.957e-20,NaN
179.29208,1.972e-20,NaN
179.29306,1.842e-20,NaN
179.2957,1.806e-20,NaN
179.29615,2.04e-20,NaN
179.29644,2.409e-20,NaN
179.29673,2.399e-20,NaN
179.29702,2.623e-20,NaN
179.29731,3.092e-20,NaN
179.29761,3.437e-20,NaN
179.2979,4.102e-20,NaN
179.29822,4.808e-20,NaN
179.29848,5.317e-20,NaN
179.29877,5.66e-20,NaN
179.29909,6.052e-20,NaN
179.29938,6.2e-20,NaN
179.29967,5.996e-20,NaN
179.29996,5.551e-20,NaN
179.30025,5.224e-20,NaN
179.30051,4.88e-20,NaN
179.3008,4.574e-20,NaN
179.30109,4.754e-20,NaN
179.30138,5.352e-20,NaN
179.30171,6.08e-20,NaN
179.30199,6.588e-20,NaN
179.30229,7.371e-20,NaN
179.30258,8.502e-20,NaN
179.30287,1.009e-19,NaN
179.3032,1.25e-19,NaN
179.30349,1.57e-19,NaN
179.3038,1.931e-19,NaN
179.30413,2.231e-19,NaN
179.30442,2.493e-19,NaN
179.30471,2.635e-19,NaN
179.305,2.745e-19,NaN
179.30529,2.874e-19,NaN
179.30558,3.063e-19,NaN
179.30587,3.199e-19,NaN
179.30616,3.242e-19,NaN
179.30645,3.19e-19,NaN
179.30674,3.177e-19,NaN
179.30704,3.191e-19,NaN
179.30733,3.343e-19,NaN
179.30762,3.523e-19,NaN
179.30794,3.705e-19,NaN
179.3082,3.742e-19,NaN
179.30852,3.678e-19,NaN
179.30881,3.192e-19,NaN
179.3091,2.581e-19,NaN
179.30934,2.166e-19,NaN
179.30959,1.771e-19,NaN
179.30988,1.433e-19,NaN
179.31017,1.171e-19,NaN
179.31047,9.937e-20,NaN
179.31072,8.428e-20,NaN
179.31101,7.001e-20,NaN
179.3113,6.036e-20,NaN
179.31159,5.462e-20,NaN
179.31188,5.055e-20,NaN
179.31214,4.682e-20,NaN
179.31243,4.316e-20,NaN
179.31272,4.069e-20,NaN
179.31301,4.363e-20,NaN
179.31333,4.741e-20,NaN
179.31359,4.681e-20,NaN
179.31388,4.603e-20,NaN
179.31421,5.006e-20,NaN
179.3145,5.039e-20,NaN
179.31476,4.797e-20,NaN
179.31504,4.97e-20,NaN
179.31537,4.953e-20,NaN
179.31563,4.512e-20,NaN
179.31592,4.507e-20,NaN
179.31621,4.946e-20,NaN
179.31653,5.289e-20,NaN
179.31682,5.448e-20,NaN
179.31711,5.753e-20,NaN
179.3174,6.185e-20,NaN
179.31769,6.744e-20,NaN
179.31798,7.422e-20,NaN
179.31827,8.047e-20,NaN
179.31857,8.925e-20,NaN
179.31889,1.017e-19,NaN
179.31919,1.11e-19,NaN
179.31948,1.161e-19,NaN
179.31977,1.234e-19,NaN
179.32006,1.332e-19,NaN
179.32035,1.405e-19,NaN
179.32064,1.495e-19,NaN
179.32096,1.7e-19,NaN
179.32128,2.108e-19,NaN
179.32157,2.544e-19,NaN
179.32186,2.971e-19,NaN
179.32215,3.622e-19,NaN
179.32248,4.63e-19,NaN
179.32277,5.49e-19,NaN
179.32305,6.14e-19,NaN
179.32336,6.67e-19,NaN
179.32365,6.793e-19,NaN
179.32394,6.559e-19,NaN
179.32423,6.284e-19,NaN
179.32451,5.863e-19,NaN
179.3248,5.366e-19,NaN
179.32509,5.112e-19,NaN
179.32538,5.132e-19,NaN
179.32567,5.467e-19,NaN
179.32596,5.762e-19,NaN
179.32625,5.898e-19,NaN
179.32654,5.832e-19,NaN
179.32683,5.38e-19,NaN
179.32713,4.685e-19,NaN
179.32742,3.927e-19,NaN
179.32767,3.182e-19,NaN
179.32796,2.545e-19,NaN
179.32825,2.073e-19,NaN
179.32852,1.714e-19,NaN
179.32878,1.474e-19,NaN
179.32903,1.3e-19,NaN
179.32936,1.114e-19,NaN
179.32961,9.467e-20,NaN
179.3299,8.049e-20,NaN
179.33019,7.141e-20,NaN
179.33048,6.478e-20,NaN
179.33077,6.035e-20,NaN
179.33106,5.969e-20,NaN
179.33135,5.949e-20,NaN
179.33164,5.749e-20,NaN
179.3319,5.179e-20,NaN
179.33219,4.409e-20,NaN
179.33249,3.854e-20,NaN
179.33278,3.641e-20,NaN
179.33307,3.279e-20,NaN
179.33336,2.712e-20,NaN
179.33365,2.413e-20,NaN
179.33394,2.331e-20,NaN
179.33423,2.287e-20,NaN
179.33452,2.376e-20,NaN
179.33481,2.485e-20,NaN
179.3351,2.196e-20,NaN
179.33539,1.869e-20,NaN
179.33568,1.8e-20,NaN
179.33597,1.948e-20,NaN
179.33627,2.072e-20,NaN
179.33656,2.048e-20,NaN
179.33684,1.914e-20,NaN
179.33714,1.975e-20,NaN
179.33743,2.055e-20,NaN
179.33772,2.269e-20,NaN
179.33801,2.371e-20,NaN
179.3383,2.224e-20,NaN
179.33859,1.973e-20,NaN
179.33888,1.946e-20,NaN
179.33917,2.034e-20,NaN
179.33946,2.04e-20,NaN
179.33975,2.03e-20,NaN
179.34004,2.063e-20,NaN
179.34033,2.043e-20,NaN
179.34062,2.253e-20,NaN
179.34092,2.376e-20,NaN
179.34121,2.359e-20,NaN
179.3415,2.184e-20,NaN
179.34179,2.258e-20,NaN
179.34208,2.627e-20,NaN
179.34237,2.913e-20,NaN
179.34266,3.205e-20,NaN
179.34295,3.688e-20,NaN
179.34324,4.395e-20,NaN
179.34356,5.35e-20,NaN
179.34385,6.48e-20,NaN
179.34414,7.82e-20,NaN
179.34447,9.509e-20,NaN
179.34476,1.145e-19,NaN
179.34506,1.275e-19,NaN
179.34535,1.281e-19,NaN
179.3456,1.216e-19,NaN
179.34589,1.106e-19,NaN
179.34622,9.976e-20,NaN
179.34651,8.778e-20,NaN
179.34676,7.337e-20,NaN
179.34705,6.329e-20,NaN
179.34734,6.184e-20,NaN
179.34763,6.462e-20,NaN
179.34792,6.969e-20,NaN
179.34821,8.114e-20,NaN
179.34854,9.871e-20,NaN
179.34883,1.204e-19,NaN
179.34912,1.429e-19,NaN
179.34941,1.519e-19,NaN
179.34971,1.494e-19,NaN
179.35,1.376e-19,NaN
179.35025,1.119e-19,NaN
179.35054,8.688e-20,NaN
179.35083,6.701e-20,NaN
179.35112,5.275e-20,NaN
179.35138,4.363e-20,NaN
179.35167,3.498e-20,NaN
179.35196,3.037e-20,NaN
179.35225,3.074e-20,NaN
179.35254,3.002e-20,NaN
179.35283,2.889e-20,NaN
179.35312,2.89e-20,NaN
179.35341,2.938e-20,NaN
179.35371,3.04e-20,NaN
179.35399,3.428e-20,NaN
179.35428,4.124e-20,NaN
179.35458,4.583e-20,NaN
179.3549,5.094e-20,NaN
179.35519,5.757e-20,NaN
179.35548,6.402e-20,NaN
179.35577,7.077e-20,NaN
179.3561,8.217e-20,NaN
179.35635,9.499e-20,NaN
179.35668,1.197e-19,NaN
179.35697,1.478e-19,NaN
179.35726,1.799e-19,NaN
179.35761,1.955e-19,NaN
179.35784,1.807e-19,NaN
179.35813,1.549e-19,NaN
179.35842,1.269e-19,NaN
179.35872,1.07e-19,NaN
179.35896,9.51e-20,NaN
179.35926,8.611e-20,NaN
179.35955,7.934e-20,NaN
179.35984,8.015e-20,NaN
179.36017,8.86e-20,NaN
179.36042,9.777e-20,NaN
179.36071,1.071e-19,NaN
179.36104,1.235e-19,NaN
179.36136,1.444e-19,NaN
179.36162,1.684e-19,NaN
179.36197,2.157e-19,NaN
179.36226,2.856e-19,NaN
179.36255,3.58e-19,NaN
179.36288,4.414e-19,NaN
179.36317,5.173e-19,NaN
179.36346,5.807e-19,NaN
179.36375,6.055e-19,NaN
179.36404,6.068e-19,NaN
179.36433,5.857e-19,NaN
179.36462,5.408e-19,NaN
179.36491,4.983e-19,NaN
179.3652,4.817e-19,NaN
179.36549,5.002e-19,NaN
179.36578,5.163e-19,NaN
179.36607,5.159e-19,NaN
179.36636,5.117e-19,NaN
179.36665,4.861e-19,NaN
179.36695,4.084e-19,NaN
179.3672,3.325e-19,NaN
179.36749,2.725e-19,NaN
179.36778,2.145e-19,NaN
179.36802,1.661e-19,NaN
179.36831,1.329e-19,NaN
179.3686,1.122e-19,NaN
179.36885,9.477e-20,NaN
179.36914,7.877e-20,NaN
179.36943,6.485e-20,NaN
179.36972,5.827e-20,NaN
179.36998,5.202e-20,NaN
179.37027,4.773e-20,NaN
179.37059,4.353e-20,NaN
179.37085,3.903e-20,NaN
179.37114,3.943e-20,NaN
179.37146,4.344e-20,NaN
179.37175,4.6e-20,NaN
179.37201,4.377e-20,NaN
179.37231,3.839e-20,NaN
179.3726,3.588e-20,NaN
179.37289,3.643e-20,NaN
179.37318,3.604e-20,NaN
179.37347,3.249e-20,NaN
179.37376,2.901e-20,NaN
179.37405,2.755e-20,NaN
179.37434,2.947e-20,NaN
179.37463,3.147e-20,NaN
179.37492,2.811e-20,NaN
179.37521,2.359e-20,NaN
179.3755,2.3e-20,NaN
179.37579,2.305e-20,NaN
179.37608,2.302e-20,NaN
179.37637,2.488e-20,NaN
179.37667,2.464e-20,NaN
179.37696,1.905e-20,NaN
179.37725,1.653e-20,NaN
179.37754,1.851e-20,NaN
179.37783,1.938e-20,NaN
179.37812,1.677e-20,NaN
179.37841,1.676e-20,NaN
179.3787,1.967e-20,NaN
179.37899,2.209e-20,NaN
179.37928,2.343e-20,NaN
179.37957,2.113e-20,NaN
179.37986,1.946e-20,NaN
179.38015,2.119e-20,NaN
179.38044,2.387e-20,NaN
179.38073,2.672e-20,NaN
179.38103,2.999e-20,NaN
179.38132,3.055e-20,NaN
179.38161,3.204e-20,NaN
179.3819,3.168e-20,NaN
179.38219,3.152e-20,NaN
179.38248,3.442e-20,NaN
179.38277,3.668e-20,NaN
179.38309,4.305e-20,NaN
179.38335,4.922e-20,NaN
179.38364,5.218e-20,NaN
179.38396,5.431e-20,NaN
179.38425,5.751e-20,NaN
179.38454,6.194e-20,NaN
179.38483,6.693e-20,NaN
179.38512,6.795e-20,NaN
179.38542,7.233e-20,NaN
179.38571,8.032e-20,NaN
179.38599,9.47e-20,NaN
179.38633,1.168e-19,NaN
179.38662,1.432e-19,NaN
179.38693,1.784e-19,NaN
179.38722,2.104e-19,NaN
179.38755,2.477e-19,NaN
179.38784,2.965e-19,NaN
179.38813,3.689e-19,NaN
179.38845,4.604e-19,NaN
179.38874,5.323e-19,NaN
179.38903,5.919e-19,NaN
179.38933,6.631e-19,NaN
179.38962,7.276e-19,NaN
179.38992,7.116e-19,NaN
179.39021,6.546e-19,NaN
179.39049,6.283e-19,NaN
179.39078,5.953e-19,NaN
179.39107,5.518e-19,NaN
179.39136,5.149e-19,NaN
179.39165,5.048e-19,NaN
179.39194,5.0e-19,NaN
179.39223,5.268e-19,NaN
179.39252,5.793e-19,NaN
179.39281,5.92e-19,NaN
179.3931,5.6e-19,NaN
179.39339,5.114e-19,NaN
179.39368,4.372e-19,NaN
179.39398,3.682e-19,NaN
179.39423,3.044e-19,NaN
179.39452,2.35e-19,NaN
179.39479,1.863e-19,NaN
179.39505,1.548e-19,NaN
179.39534,1.344e-19,NaN
179.39563,1.158e-19,NaN
179.39588,9.23e-20,NaN
179.39617,7.486e-20,NaN
179.39646,6.653e-20,NaN
179.39675,6.252e-20,NaN
179.39704,5.609e-20,NaN
179.3973,4.9e-20,NaN
179.39762,4.583e-20,NaN
179.39788,4.344e-20,NaN
179.3982,4.053e-20,NaN
179.39846,3.333e-20,NaN
179.39875,2.782e-20,NaN
179.39904,2.748e-20,NaN
179.39933,2.968e-20,NaN
179.39963,2.894e-20,NaN
179.39992,2.739e-20,NaN
179.40021,2.682e-20,NaN
179.4005,2.817e-20,NaN
179.40079,2.852e-20,NaN
179.40108,2.481e-20,NaN
179.40137,2.146e-20,NaN
179.40166,2.112e-20,NaN
179.40195,2.142e-20,NaN
179.40224,2.199e-20,NaN
179.40253,2.211e-20,NaN
179.40282,2.005e-20,NaN
179.40311,1.733e-20,NaN
179.4034,1.72e-20,NaN
179.4037,2.065e-20,NaN
179.40398,2.434e-20,NaN
179.40427,2.693e-20,NaN
179.40457,3.188e-20,NaN
179.40486,3.709e-20,NaN
179.40515,4.036e-20,NaN
179.40544,4.146e-20,NaN
179.40573,3.539e-20,NaN
179.40602,2.771e-20,NaN
179.40631,2.312e-20,NaN
179.4066,1.979e-20,NaN
179.40739,1.836e-20,NaN
179.40821,1.057e-20,NaN
179.40845,1.032e-20,NaN
179.40869,9.956e-21,NaN
179.40893,9.635e-21,NaN
179.40917,9.381e-21,NaN
179.40941,9.121e-21,NaN
179.40965,9.109e-21,NaN
179.40989,9.078e-21,NaN
179.41013,8.9e-21,NaN
179.41037,8.95e-21,NaN
179.41061,8.978e-21,NaN
179.41085,8.916e-21,NaN
179.41109,9.043e-21,NaN
179.41133,9.128e-21,NaN
179.41156,9.317e-21,NaN
179.41181,9.681e-21,NaN
179.41204,1.017e-20,NaN
179.41229,1.043e-20,NaN
179.41296,1.405e-20,NaN
179.41328,2.832e-20,NaN
179.41358,3.417e-20,NaN
179.41387,3.823e-20,NaN
179.41416,3.616e-20,NaN
179.41445,3.0e-20,NaN
179.41474,2.286e-20,NaN
179.41503,1.75e-20,NaN
179.41589,1.427e-20,NaN
179.4166,8.392e-21,NaN
179.41684,7.939e-21,NaN
179.41708,7.762e-21,NaN
179.41732,7.515e-21,NaN
179.41756,7.479e-21,NaN
179.4178,7.31e-21,NaN
179.41804,7.2e-21,NaN
179.41828,7.258e-21,NaN
179.41852,7.26e-21,NaN
179.41876,7.139e-21,NaN
179.419,7.035e-21,NaN
179.41924,6.976e-21,NaN
179.41948,6.964e-21,NaN
179.41972,7.003e-21,NaN
179.41996,7.033e-21,NaN
179.4202,6.978e-21,NaN
179.42044,7.006e-21,NaN
179.42068,7.043e-21,NaN
179.42092,7.062e-21,NaN
179.42116,7.006e-21,NaN
179.4214,7.077e-21,NaN
179.42164,7.126e-21,NaN
179.42188,7.259e-21,NaN
179.42212,7.325e-21,NaN
179.42236,7.205e-21,NaN
179.4226,7.176e-21,NaN
179.42284,7.191e-21,NaN
179.42308,7.296e-21,NaN
179.42332,7.417e-21,NaN
179.42356,7.428e-21,NaN
179.4238,7.508e-21,NaN
179.42404,7.52e-21,NaN
179.42761,1.609e-20,NaN
179.42782,2.282e-20,NaN
179.42811,2.668e-20,NaN
179.4284,3.176e-20,NaN
179.42869,4.022e-20,NaN
179.42898,4.296e-20,NaN
179.42927,4.082e-20,NaN
179.42956,3.548e-20,NaN
179.42985,2.791e-20,NaN
179.43014,2.252e-20,NaN
179.43043,2.139e-20,NaN
179.43072,1.906e-20,NaN
179.43101,1.635e-20,NaN
179.43131,1.498e-20,NaN
179.43159,1.49e-20,NaN
179.43188,1.459e-20,NaN
179.43217,1.414e-20,NaN
179.43247,1.547e-20,NaN
179.43276,1.657e-20,NaN
179.43305,1.641e-20,NaN
179.43334,1.855e-20,NaN
179.43363,2.253e-20,NaN
179.43392,2.316e-20,NaN
179.43421,2.35e-20,NaN
179.4345,2.251e-20,NaN
179.43479,2.409e-20,NaN
179.43508,2.621e-20,NaN
179.43537,2.495e-20,NaN
179.43566,2.393e-20,NaN
179.43595,2.625e-20,NaN
179.43624,2.895e-20,NaN
179.43653,3.148e-20,NaN
179.43683,3.559e-20,NaN
179.43712,4.011e-20,NaN
179.43744,4.646e-20,NaN
179.43773,5.151e-20,NaN
179.43802,5.507e-20,NaN
179.43831,5.759e-20,NaN
179.43857,5.946e-20,NaN
179.43889,6.596e-20,NaN
179.43918,7.135e-20,NaN
179.43947,7.396e-20,NaN
179.43976,7.785e-20,NaN
179.44005,8.939e-20,NaN
179.44038,1.076e-19,NaN
179.44067,1.305e-19,NaN
179.44096,1.557e-19,NaN
179.44129,1.884e-19,NaN
179.4416,2.319e-19,NaN
179.44189,2.874e-19,NaN
179.44218,3.568e-19,NaN
179.44251,4.528e-19,NaN
179.4428,5.61e-19,NaN
179.44309,6.216e-19,NaN
179.44338,6.507e-19,NaN
179.44368,6.766e-19,NaN
179.44397,6.696e-19,NaN
179.44425,6.393e-19,NaN
179.44454,6.017e-19,NaN
179.44483,5.548e-19,NaN
179.44512,5.254e-19,NaN
179.44541,5.119e-19,NaN
179.4457,5.231e-19,NaN
179.446,5.455e-19,NaN
179.44629,5.668e-19,NaN
179.44658,5.658e-19,NaN
179.44687,5.428e-19,NaN
179.44716,5.186e-19,NaN
179.44745,4.42e-19,NaN
179.44774,3.555e-19,NaN
179.448,2.95e-19,NaN
179.44829,2.411e-19,NaN
179.44854,1.927e-19,NaN
179.44884,1.609e-19,NaN
179.4491,1.339e-19,NaN
179.44935,1.113e-19,NaN
179.44964,9.063e-20,NaN
179.44993,7.479e-20,NaN
179.45023,6.629e-20,NaN
179.45051,6.128e-20,NaN
179.4508,5.681e-20,NaN
179.45107,5.254e-20,NaN
179.45138,5.061e-20,NaN
179.45165,4.576e-20,NaN
179.45194,3.873e-20,NaN
179.45223,3.537e-20,NaN
179.45252,3.668e-20,NaN
179.45281,3.741e-20,NaN
179.4531,3.651e-20,NaN
179.45339,3.395e-20,NaN
179.45368,3.167e-20,NaN
179.45397,3.271e-20,NaN
179.45426,3.038e-20,NaN
179.45429,2.856e-20,NaN
179.45693,1.746e-20,NaN
179.45986,1.407e-20,NaN
179.46279,1.453e-20,NaN
179.46572,1.621e-20,NaN
179.46894,2.224e-20,NaN
179.47187,4.443e-20,NaN
179.47202,6.63e-20,NaN
179.47235,7.433e-20,NaN
179.4726,8.025e-20,NaN
179.47293,9.624e-20,NaN
179.47322,1.201e-19,NaN
179.47351,1.481e-19,NaN
179.47383,1.784e-19,NaN
179.47413,2.053e-19,NaN
179.47444,2.362e-19,NaN
179.47473,2.541e-19,NaN
179.47502,2.596e-19,NaN
179.47531,2.646e-19,NaN
179.4756,2.658e-19,NaN
179.47589,2.859e-19,NaN
179.47618,3.245e-19,NaN
179.47647,3.83e-19,NaN
179.4768,4.578e-19,NaN
179.47709,5.438e-19,NaN
179.47738,6.16e-19,NaN
179.47768,6.828e-19,NaN
179.47797,7.291e-19,NaN
179.47826,7.417e-19,NaN
179.47855,7.651e-19,NaN
179.47884,7.756e-19,NaN
179.47913,7.183e-19,NaN
179.47941,6.397e-19,NaN
179.4797,5.758e-19,NaN
179.47999,5.233e-19,NaN
179.48029,4.788e-19,NaN
179.48058,4.559e-19,NaN
179.48087,4.476e-19,NaN
179.48116,4.629e-19,NaN
179.48145,5.041e-19,NaN
179.48174,5.6e-19,NaN
179.48203,5.891e-19,NaN
179.48232,5.734e-19,NaN
179.48261,5.439e-19,NaN
179.4829,5.132e-19,NaN
179.48319,4.551e-19,NaN
179.48348,3.949e-19,NaN
179.48374,3.387e-19,NaN
179.48403,2.968e-19,NaN
179.48432,2.773e-19,NaN
179.48461,2.797e-19,NaN
179.4849,2.806e-19,NaN
179.48519,2.672e-19,NaN
179.48548,2.452e-19,NaN
179.48575,2.035e-19,NaN
179.48601,1.564e-19,NaN
179.4863,1.205e-19,NaN
179.48655,9.389e-20,NaN
179.48684,7.364e-20,NaN
179.48713,6.046e-20,NaN
179.48739,5.709e-20,NaN
179.48946,3.179e-20,NaN
179.4921,1.551e-20,NaN
179.49408,1.102e-20,NaN
179.49431,1.083e-20,NaN
179.49456,1.063e-20,NaN
179.49479,1.029e-20,NaN
179.49504,9.872e-21,NaN
179.49527,9.638e-21,NaN
179.49552,9.481e-21,NaN
179.49575,9.32e-21,NaN
179.49599,9.088e-21,NaN
179.49623,9.027e-21,NaN
179.49647,8.935e-21,NaN
179.49671,8.799e-21,NaN
179.49695,8.679e-21,NaN
179.49719,8.572e-21,NaN
179.49743,8.308e-21,NaN
179.49768,8.028e-21,NaN
179.49791,7.792e-21,NaN
179.49815,7.552e-21,NaN
179.49839,7.365e-21,NaN
179.49863,7.176e-21,NaN
179.49887,7.055e-21,NaN
179.49911,6.999e-21,NaN
179.49935,6.931e-21,NaN
179.49959,6.85e-21,NaN
179.49983,6.712e-21,NaN
179.50007,6.717e-21,NaN
179.50031,6.699e-21,NaN
179.50055,6.634e-21,NaN
179.50079,6.565e-21,NaN
179.50103,6.371e-21,NaN
179.50127,6.186e-21,NaN
179.50151,6.116e-21,NaN
179.50175,6.133e-21,NaN
179.50199,6.053e-21,NaN
179.50223,6.006e-21,NaN
179.50247,5.95e-21,NaN
179.50271,5.884e-21,NaN
179.50295,5.895e-21,NaN
179.50319,5.824e-21,NaN
179.50343,5.788e-21,NaN
179.50367,5.716e-21,NaN
179.50391,5.656e-21,NaN
179.50415,5.597e-21,NaN
179.50439,5.619e-21,NaN
179.50463,5.586e-21,NaN
179.50487,5.564e-21,NaN
179.50511,5.577e-21,NaN
179.50535,5.535e-21,NaN
179.50559,5.509e-21,NaN
179.50583,5.477e-21,NaN
179.50607,5.453e-21,NaN
179.50631,5.411e-21,NaN
179.50655,5.399e-21,NaN
179.50679,5.296e-21,NaN
179.50703,5.238e-21,NaN
179.50727,5.201e-21,NaN
179.50775,5.224e-21,NaN
179.50799,5.23e-21,NaN
179.50822,5.271e-21,NaN
179.50846,5.21e-21,NaN
179.5087,5.188e-21,NaN
179.50894,5.167e-21,NaN
179.50918,5.176e-21,NaN
179.50942,5.159e-21,NaN
179.50966,5.111e-21,NaN
179.50989,5.08e-21,NaN
179.51014,5.06e-21,NaN
179.51037,5.097e-21,NaN
179.51061,5.11e-21,NaN
179.51085,5.136e-21,NaN
179.51109,5.128e-21,NaN
179.51133,5.134e-21,NaN
179.51157,5.178e-21,NaN
179.5118,5.207e-21,NaN
179.51204,5.302e-21,NaN
179.51228,5.441e-21,NaN
179.51252,5.571e-21,NaN
179.51276,5.705e-21,NaN
179.513,5.816e-21,NaN
179.51324,5.884e-21,NaN
179.51347,5.883e-21,NaN
179.51371,5.774e-21,NaN
179.51395,5.628e-21,NaN
179.51419,5.417e-21,NaN
179.51443,5.195e-21,NaN
179.51467,5.037e-21,NaN
179.5149,4.946e-21,NaN
179.51515,4.852e-21,NaN
179.51538,4.831e-21,NaN
179.51562,4.877e-21,NaN
179.51586,4.928e-21,NaN
179.5161,4.959e-21,NaN
179.51634,4.969e-21,NaN
179.51658,4.954e-21,NaN
179.51682,4.93e-21,NaN
179.51705,4.922e-21,NaN
179.51729,4.91e-21,NaN
179.51753,4.919e-21,NaN
179.51777,4.965e-21,NaN
179.51801,5.017e-21,NaN
179.51825,5.064e-21,NaN
179.51849,5.088e-21,NaN
179.51872,5.069e-21,NaN
179.51896,5.013e-21,NaN
179.5192,5.006e-21,NaN
179.51944,5.07e-21,NaN
179.51968,5.152e-21,NaN
179.51992,5.206e-21,NaN
179.52016,5.208e-21,NaN
179.5204,5.191e-21,NaN
179.52063,5.189e-21,NaN
179.52087,5.204e-21,NaN
179.52111,5.25e-21,NaN
179.52135,5.325e-21,NaN
179.52159,5.387e-21,NaN
179.52183,5.481e-21,NaN
179.52207,5.599e-21,NaN
179.52231,5.641e-21,NaN
179.52254,5.65e-21,NaN
179.52278,5.705e-21,NaN
179.52302,5.694e-21,NaN
179.52326,5.665e-21,NaN
179.5235,5.663e-21,NaN
179.52374,5.64e-21,NaN
179.52398,5.695e-21,NaN
179.52421,5.778e-21,NaN
179.52445,5.847e-21,NaN
179.52469,5.873e-21,NaN
179.52493,5.932e-21,NaN
179.52517,5.99e-21,NaN
179.52541,5.954e-21,NaN
179.52565,5.884e-21,NaN
179.52588,5.952e-21,NaN
179.52613,5.962e-21,NaN
179.52636,5.961e-21,NaN
179.5266,6.144e-21,NaN
179.52684,6.265e-21,NaN
179.52708,6.289e-21,NaN
179.52732,6.338e-21,NaN
179.52756,6.284e-21,NaN
179.5278,6.449e-21,NaN
179.52804,6.776e-21,NaN
179.52828,6.834e-21,NaN
179.52852,6.875e-21,NaN
179.52876,6.93e-21,NaN
179.529,6.995e-21,NaN
179.52924,6.992e-21,NaN
179.52948,6.996e-21,NaN
179.52972,7.067e-21,NaN
179.52996,7.126e-21,NaN
179.5302,7.266e-21,NaN
179.53044,7.378e-21,NaN
179.53068,7.506e-21,NaN
179.53092,7.76e-21,NaN
179.53116,7.914e-21,NaN
179.5314,8.107e-21,NaN
179.53164,8.142e-21,NaN
179.53188,8.334e-21,NaN
179.53212,8.542e-21,NaN
179.53236,8.775e-21,NaN
179.5326,8.957e-21,NaN
179.53284,9.146e-21,NaN
179.53308,9.069e-21,NaN
179.53332,9.112e-21,NaN
179.53356,9.344e-21,NaN
179.5338,9.745e-21,NaN
179.53404,1.008e-20,NaN
179.53428,1.037e-20,NaN
179.53452,1.086e-20,NaN
179.53476,1.104e-20,NaN
179.535,1.129e-20,NaN
179.53606,1.228e-20,NaN
179.53929,2.352e-20,NaN
179.53998,3.164e-20,NaN
179.54086,3.86e-20,NaN
179.54115,4.485e-20,NaN
179.54144,4.768e-20,NaN
179.54176,5.186e-20,NaN
179.54205,5.693e-20,NaN
179.54234,6.378e-20,NaN
179.54263,6.886e-20,NaN
179.54292,7.364e-20,NaN
179.54321,8.219e-20,NaN
179.5435,9.348e-20,NaN
179.54379,1.075e-19,NaN
179.54412,1.232e-19,NaN
179.54441,1.453e-19,NaN
179.54473,1.831e-19,NaN
179.54505,2.327e-19,NaN
179.54534,2.845e-19,NaN
179.54563,3.411e-19,NaN
179.54592,4.129e-19,NaN
179.54625,5.065e-19,NaN
179.54654,5.733e-19,NaN
179.54683,6.228e-19,NaN
179.54712,6.462e-19,NaN
179.54741,6.48e-19,NaN
179.5477,6.41e-19,NaN
179.54799,6.1e-19,NaN
179.54828,5.464e-19,NaN
179.54857,4.812e-19,NaN
179.54886,4.57e-19,NaN
179.54915,4.667e-19,NaN
179.54944,4.878e-19,NaN
179.54973,4.989e-19,NaN
179.55002,5.142e-19,NaN
179.55031,5.534e-19,NaN
179.5506,5.558e-19,NaN
179.5509,5.085e-19,NaN
179.55119,4.458e-19,NaN
179.55148,3.71e-19,NaN
179.55174,2.954e-19,NaN
179.55203,2.361e-19,NaN
179.55228,1.849e-19,NaN
179.55255,1.495e-19,NaN
179.55284,1.212e-19,NaN
179.55309,9.864e-20,NaN
179.55338,8.513e-20,NaN
179.55367,7.408e-20,NaN
179.55396,6.625e-20,NaN
179.55425,6.017e-20,NaN
179.55451,5.658e-20,NaN
179.5548,5.32e-20,NaN
179.55512,5.255e-20,NaN
179.55538,5.469e-20,NaN
179.5557,5.329e-20,NaN
179.55597,5.364e-20,NaN
179.55629,5.703e-20,NaN
179.55658,5.933e-20,NaN
179.55687,5.925e-20,NaN
179.55716,5.644e-20,NaN
179.55742,5.087e-20,NaN
179.55771,4.194e-20,NaN
179.558,3.63e-20,NaN
179.55829,3.17e-20,NaN
179.55858,2.759e-20,NaN
179.55887,2.256e-20,NaN
179.55916,1.98e-20,NaN
179.55945,1.706e-20,NaN
179.55974,1.526e-20,NaN
179.56003,1.652e-20,NaN
179.56032,1.546e-20,NaN
179.56062,1.415e-20,NaN
179.56091,1.363e-20,NaN
179.5612,1.081e-20,NaN
179.56149,1.141e-20,NaN
179.56178,1.549e-20,NaN
179.56207,1.874e-20,NaN
179.56236,2.099e-20,NaN
179.56265,2.145e-20,NaN
179.56294,2.241e-20,NaN
179.56323,2.81e-20,NaN
179.56352,3.475e-20,NaN
179.56384,4.218e-20,NaN
179.5641,4.581e-20,NaN
179.56439,4.077e-20,NaN
179.56468,3.21e-20,NaN
179.56497,2.726e-20,NaN
179.56526,2.341e-20,NaN
179.56566,1.837e-20,NaN
179.56811,1.053e-20,NaN
179.56835,1.032e-20,NaN
179.56859,1.033e-20,NaN
179.56883,1.022e-20,NaN
179.56907,1.002e-20,NaN
179.56931,1.011e-20,NaN
179.56955,1.012e-20,NaN
179.56979,1.013e-20,NaN
179.57003,1.03e-20,NaN
179.57027,1.034e-20,NaN
179.57051,1.039e-20,NaN
179.57075,1.046e-20,NaN
179.57099,1.051e-20,NaN
179.57123,1.066e-20,NaN
179.57147,1.095e-20,NaN
179.57171,1.095e-20,NaN
179.57195,1.101e-20,NaN
179.57219,1.126e-20,NaN
179.57243,1.154e-20,NaN
179.57267,1.163e-20,NaN
179.57291,1.175e-20,NaN
179.57416,1.294e-20,NaN
179.57427,1.459e-20,NaN
179.57456,1.52e-20,NaN
179.57485,1.372e-20,NaN
179.57514,1.349e-20,NaN
179.57543,1.499e-20,NaN
179.57572,1.557e-20,NaN
179.57601,1.865e-20,NaN
179.5763,2.529e-20,NaN
179.5766,3.073e-20,NaN
179.57689,3.587e-20,NaN
179.57718,4.499e-20,NaN
179.5775,5.272e-20,NaN
179.57776,5.185e-20,NaN
179.57808,4.648e-20,NaN
179.57834,3.822e-20,NaN
179.57863,3.22e-20,NaN
179.57892,3.041e-20,NaN
179.57921,3.147e-20,NaN
179.5795,3.302e-20,NaN
179.57979,3.767e-20,NaN
179.58008,4.118e-20,NaN
179.58037,4.645e-20,NaN
179.58069,5.508e-20,NaN
179.58098,6.53e-20,NaN
179.58127,7.757e-20,NaN
179.58157,9.009e-20,NaN
179.58189,1.004e-19,NaN
179.58218,1.019e-19,NaN
179.58244,9.401e-20,NaN
179.58273,8.407e-20,NaN
179.58302,7.84e-20,NaN
179.58331,7.848e-20,NaN
179.5836,8.117e-20,NaN
179.58389,8.497e-20,NaN
179.58418,8.604e-20,NaN
179.58451,9.047e-20,NaN
179.58476,9.936e-20,NaN
179.58509,1.112e-19,NaN
179.58538,1.225e-19,NaN
179.58567,1.417e-19,NaN
179.58599,1.695e-19,NaN
179.58628,1.978e-19,NaN
179.5866,2.333e-19,NaN
179.58689,2.789e-19,NaN
179.58722,3.24e-19,NaN
179.58747,3.559e-19,NaN
179.5878,3.73e-19,NaN
179.58809,3.909e-19,NaN
179.58838,4.361e-19,NaN
179.58867,4.881e-19,NaN
179.58896,5.14e-19,NaN
179.58925,5.281e-19,NaN
179.58954,5.334e-19,NaN
179.58983,5.451e-19,NaN
179.59012,5.323e-19,NaN
179.59041,5.072e-19,NaN
179.5907,4.634e-19,NaN
179.59099,4.119e-19,NaN
179.59128,3.788e-19,NaN
179.59154,3.436e-19,NaN
179.59183,3.281e-19,NaN
179.59212,3.232e-19,NaN
179.59241,3.268e-19,NaN
179.5927,3.508e-19,NaN
179.59303,3.995e-19,NaN
179.59332,4.481e-19,NaN
179.59361,4.814e-19,NaN
179.5939,4.953e-19,NaN
179.59419,4.784e-19,NaN
179.59448,4.4e-19,NaN
179.59477,3.937e-19,NaN
179.59503,3.502e-19,NaN
179.59532,3.03e-19,NaN
179.59561,2.404e-19,NaN
179.59584,1.779e-19,NaN
179.59613,1.361e-19,NaN
179.59638,1.115e-19,NaN
179.59667,8.972e-20,NaN
179.59696,7.332e-20,NaN
179.59725,6.281e-20,NaN
179.59754,5.433e-20,NaN
179.5978,4.724e-20,NaN
179.59809,4.533e-20,NaN
179.59838,4.345e-20,NaN
179.59877,3.983e-20,NaN
179.60083,2.426e-20,NaN
179.60348,1.641e-20,NaN
179.60626,1.043e-20,NaN
179.60649,1.024e-20,NaN
179.60674,9.868e-21,NaN
179.60698,9.44e-21,NaN
179.60722,8.958e-21,NaN
179.60746,8.567e-21,NaN
179.60769,8.234e-21,NaN
179.60794,8.054e-21,NaN
179.60818,7.908e-21,NaN
179.60841,7.82e-21,NaN
179.60866,7.79e-21,NaN
179.60889,7.607e-21,NaN
179.60914,7.431e-21,NaN
179.60938,7.266e-21,NaN
179.60961,6.954e-21,NaN
179.60986,6.83e-21,NaN
179.61009,6.845e-21,NaN
179.61033,6.894e-21,NaN
179.61058,6.896e-21,NaN
179.61081,6.831e-21,NaN
179.61106,6.629e-21,NaN
179.61129,6.509e-21,NaN
179.61153,6.449e-21,NaN
179.61178,6.329e-21,NaN
179.61201,6.149e-21,NaN
179.61225,5.953e-21,NaN
179.61249,5.78e-21,NaN
179.61273,5.614e-21,NaN
179.61298,5.438e-21,NaN
179.61321,5.31e-21,NaN
179.61345,5.211e-21,NaN
179.61369,5.151e-21,NaN
179.61393,5.08e-21,NaN
179.61417,4.978e-21,NaN
179.61441,4.959e-21,NaN
179.61465,4.832e-21,NaN
179.61489,4.76e-21,NaN
179.61513,4.728e-21,NaN
179.61537,4.699e-21,NaN
179.61561,4.659e-21,NaN
179.61585,4.607e-21,NaN
179.61609,4.579e-21,NaN
179.61633,4.56e-21,NaN
179.61657,4.547e-21,NaN
179.61681,4.533e-21,NaN
179.61705,4.426e-21,NaN
179.61729,4.369e-21,NaN
179.61753,4.299e-21,NaN
179.61777,4.254e-21,NaN
179.618,4.231e-21,NaN
179.61825,4.232e-21,NaN
179.61849,4.196e-21,NaN
179.61872,4.146e-21,NaN
179.61896,4.123e-21,NaN
179.6192,4.069e-21,NaN
179.61944,4.05e-21,NaN
179.61968,4.039e-21,NaN
179.61992,4.027e-21,NaN
179.62016,4.016e-21,NaN
179.6204,3.995e-21,NaN
179.62064,3.98e-21,NaN
179.62088,4.004e-21,NaN
179.62112,4.046e-21,NaN
179.62136,4.068e-21,NaN
179.6216,4.077e-21,NaN
179.62184,4.111e-21,NaN
179.62208,4.195e-21,NaN
179.62232,4.268e-21,NaN
179.62256,4.35e-21,NaN
179.6228,4.464e-21,NaN
179.62304,4.575e-21,NaN
179.62328,4.709e-21,NaN
179.62352,4.821e-21,NaN
179.62375,4.879e-21,NaN
179.624,4.916e-21,NaN
179.62424,4.923e-21,NaN
179.62447,4.909e-21,NaN
179.62471,4.898e-21,NaN
179.62495,4.906e-21,NaN
179.62519,4.873e-21,NaN
179.62544,4.762e-21,NaN
179.62567,4.683e-21,NaN
179.62591,4.671e-21,NaN
179.62615,4.699e-21,NaN
179.62639,4.734e-21,NaN
179.62663,4.739e-21,NaN
179.62687,4.71e-21,NaN
179.62711,4.627e-21,NaN
179.62735,4.509e-21,NaN
179.62759,4.412e-21,NaN
179.62783,4.338e-21,NaN
179.62807,4.24e-21,NaN
179.62831,4.188e-21,NaN
179.62855,4.09e-21,NaN
179.62879,4.011e-21,NaN
179.62903,3.965e-21,NaN
179.62927,3.927e-21,NaN
179.62951,3.918e-21,NaN
179.62975,3.912e-21,NaN
179.62998,3.886e-21,NaN
179.63023,3.873e-21,NaN
179.63047,3.883e-21,NaN
179.63071,3.89e-21,NaN
179.63095,3.967e-21,NaN
179.63119,4.047e-21,NaN
179.63143,4.095e-21,NaN
179.63167,4.21e-21,NaN
179.6319,4.328e-21,NaN
179.63214,4.44e-21,NaN
179.63238,4.524e-21,NaN
179.63262,4.52e-21,NaN
179.63286,4.539e-21,NaN
179.63311,4.457e-21,NaN
179.63334,4.351e-21,NaN
179.63358,4.298e-21,NaN
179.63382,4.228e-21,NaN
179.63406,4.164e-21,NaN
179.6343,4.089e-21,NaN
179.63454,4.107e-21,NaN
179.63478,4.166e-21,NaN
179.63503,4.168e-21,NaN
179.63526,4.079e-21,NaN
179.6355,4.016e-21,NaN
179.63574,4.002e-21,NaN
179.63598,3.945e-21,NaN
179.63623,3.867e-21,NaN
179.63646,3.815e-21,NaN
179.6367,3.761e-21,NaN
179.63695,3.705e-21,NaN
179.63718,3.665e-21,NaN
179.63743,3.643e-21,NaN
179.63766,3.634e-21,NaN
179.6379,3.608e-21,NaN
179.63815,3.598e-21,NaN
179.63838,3.626e-21,NaN
179.63862,3.654e-21,NaN
179.63887,3.683e-21,NaN
179.6391,3.695e-21,NaN
179.63935,3.695e-21,NaN
179.63958,3.699e-21,NaN
179.63982,3.701e-21,NaN
179.64007,3.717e-21,NaN
179.6403,3.775e-21,NaN
179.64055,3.851e-21,NaN
179.64079,3.923e-21,NaN
179.64102,3.993e-21,NaN
179.64127,4.059e-21,NaN
179.6415,4.164e-21,NaN
179.64174,4.313e-21,NaN
179.64199,4.494e-21,NaN
179.64222,4.684e-21,NaN
179.64247,4.875e-21,NaN
179.64271,5.03e-21,NaN
179.64294,5.117e-21,NaN
179.64319,5.126e-21,NaN
179.64343,5.119e-21,NaN
179.64367,5.073e-21,NaN
179.64391,4.934e-21,NaN
179.64414,4.809e-21,NaN
179.64439,4.657e-21,NaN
179.64463,4.545e-21,NaN
179.64486,4.499e-21,NaN
179.64511,4.44e-21,NaN
179.64535,4.359e-21,NaN
179.64559,4.272e-21,NaN
179.64583,4.301e-21,NaN
179.64606,4.314e-21,NaN
179.64631,4.365e-21,NaN
179.64655,4.442e-21,NaN
179.64678,4.453e-21,NaN
179.64703,4.479e-21,NaN
179.64727,4.448e-21,NaN
179.64751,4.412e-21,NaN
179.64775,4.404e-21,NaN
179.64799,4.401e-21,NaN
179.64823,4.433e-21,NaN
179.64847,4.547e-21,NaN
179.64871,4.628e-21,NaN
179.64895,4.727e-21,NaN
179.64919,4.802e-21,NaN
179.64943,4.864e-21,NaN
179.64967,4.918e-21,NaN
179.64991,5.04e-21,NaN
179.65015,5.152e-21,NaN
179.65039,5.239e-21,NaN
179.65063,5.326e-21,NaN
179.65087,5.454e-21,NaN
179.65111,5.66e-21,NaN
179.65135,5.893e-21,NaN
179.65159,6.111e-21,NaN
179.65183,6.246e-21,NaN
179.65207,6.507e-21,NaN
179.65231,6.661e-21,NaN
179.65255,6.88e-21,NaN
179.65279,6.799e-21,NaN
179.65303,6.809e-21,NaN
179.65327,6.845e-21,NaN
179.65351,6.769e-21,NaN
179.65375,6.802e-21,NaN
179.65399,6.823e-21,NaN
179.65423,6.851e-21,NaN
179.65447,6.865e-21,NaN
179.65471,6.947e-21,NaN
179.65495,7.122e-21,NaN
179.65519,7.122e-21,NaN
179.65543,7.264e-21,NaN
179.65567,7.379e-21,NaN
179.65591,7.421e-21,NaN
179.65615,7.446e-21,NaN
179.65639,7.432e-21,NaN
179.65663,7.426e-21,NaN
179.65687,7.455e-21,NaN
179.65711,7.534e-21,NaN
179.65735,7.615e-21,NaN
179.65759,7.806e-21,NaN
179.65783,7.937e-21,NaN
179.65807,8.071e-21,NaN
179.65831,8.34e-21,NaN
179.65855,8.562e-21,NaN
179.65879,8.787e-21,NaN
179.65903,9.015e-21,NaN
179.65927,9.225e-21,NaN
179.65951,9.48e-21,NaN
179.65975,9.714e-21,NaN
179.66209,1.155e-20,NaN
179.66502,2.096e-20,NaN
179.66557,2.756e-20,NaN
179.66586,3.012e-20,NaN
179.66615,3.395e-20,NaN
179.66644,3.579e-20,NaN
179.66673,3.833e-20,NaN
179.66708,4.251e-20,NaN
179.66731,4.552e-20,NaN
179.66766,4.975e-20,NaN
179.66795,5.392e-20,NaN
179.66824,5.892e-20,NaN
179.66853,6.607e-20,NaN
179.66882,7.551e-20,NaN
179.6691,8.387e-20,NaN
179.66938,9.648e-20,NaN
179.66968,1.154e-19,NaN
179.66997,1.321e-19,NaN
179.67026,1.552e-19,NaN
179.67055,1.903e-19,NaN
179.67087,2.404e-19,NaN
179.67116,2.856e-19,NaN
179.6714,3.249e-19,NaN
179.67169,3.859e-19,NaN
179.67198,4.561e-19,NaN
179.67227,5.078e-19,NaN
179.67256,5.359e-19,NaN
179.67285,5.41e-19,NaN
179.67314,5.281e-19,NaN
179.67343,5.08e-19,NaN
179.67372,4.842e-19,NaN
179.67401,4.376e-19,NaN
179.6743,3.96e-19,NaN
179.67459,3.731e-19,NaN
179.67488,3.53e-19,NaN
179.67522,3.463e-19,NaN
179.67546,3.695e-19,NaN
179.67575,4.086e-19,NaN
179.67604,4.443e-19,NaN
179.67634,4.672e-19,NaN
179.67663,4.66e-19,NaN
179.67692,4.305e-19,NaN
179.67725,3.539e-19,NaN
179.67754,2.746e-19,NaN
179.67783,2.165e-19,NaN
179.67809,1.728e-19,NaN
179.67839,1.344e-19,NaN
179.67868,1.081e-19,NaN
179.67898,8.653e-20,NaN
179.67927,7.334e-20,NaN
179.67956,6.372e-20,NaN
179.67985,5.683e-20,NaN
179.68014,5.031e-20,NaN
179.68037,4.405e-20,NaN
179.68066,4.059e-20,NaN
179.68096,3.573e-20,NaN
179.68125,3.16e-20,NaN
179.68154,3.118e-20,NaN
179.68182,3.121e-20,NaN
179.68211,2.841e-20,NaN
179.6824,2.641e-20,NaN
179.6827,2.543e-20,NaN
179.68307,2.233e-20,NaN
179.68336,1.998e-20,NaN
179.68365,1.972e-20,NaN
179.68386,2.043e-20,NaN
179.68423,1.924e-20,NaN
179.68452,1.797e-20,NaN
179.68481,1.641e-20,NaN
179.6851,1.529e-20,NaN
179.68539,1.396e-20,NaN
179.68568,1.302e-20,NaN
179.68597,1.27e-20,NaN
179.68626,1.212e-20,NaN
179.68655,1.126e-20,NaN
179.68687,1.121e-20,NaN
179.68711,1.08e-20,NaN
179.68735,1.043e-20,NaN
179.68759,1.02e-20,NaN
179.68784,1.009e-20,NaN
179.68807,9.913e-21,NaN
179.68831,9.679e-21,NaN
179.68856,9.55e-21,NaN
179.68879,9.337e-21,NaN
179.68903,9.134e-21,NaN
179.68928,8.903e-21,NaN
179.68951,8.555e-21,NaN
179.68975,8.201e-21,NaN
179.69,7.86e-21,NaN
179.69023,7.656e-21,NaN
179.69047,7.547e-21,NaN
179.69072,7.394e-21,NaN
179.69095,7.255e-21,NaN
179.69119,7.138e-21,NaN
179.69144,7.08e-21,NaN
179.69167,7.106e-21,NaN
179.69191,6.994e-21,NaN
179.69216,6.849e-21,NaN
179.69239,6.659e-21,NaN
179.69263,6.57e-21,NaN
179.69288,6.628e-21,NaN
179.69311,6.639e-21,NaN
179.69335,6.56e-21,NaN
179.6936,6.521e-21,NaN
179.69383,6.494e-21,NaN
179.69407,6.359e-21,NaN
179.69432,6.275e-21,NaN
179.69455,6.194e-21,NaN
179.69479,6.18e-21,NaN
179.69504,6.236e-21,NaN
179.69527,6.501e-21,NaN
179.69552,6.671e-21,NaN
179.69576,6.668e-21,NaN
179.69599,6.749e-21,NaN
179.69624,6.868e-21,NaN
179.69648,6.983e-21,NaN
179.69672,7.044e-21,NaN
179.69696,7.28e-21,NaN
179.6972,7.35e-21,NaN
179.69744,7.429e-21,NaN
179.69768,7.478e-21,NaN
179.69792,7.514e-21,NaN
179.69816,7.646e-21,NaN
179.69846,7.593e-21,NaN
179.69875,8.599e-21,NaN
179.69904,1.065e-20,NaN
179.69933,1.295e-20,NaN
179.69962,1.357e-20,NaN
179.69991,1.31e-20,NaN
179.7002,1.353e-20,NaN
179.70049,1.336e-20,NaN
179.70078,1.243e-20,NaN
179.70107,1.177e-20,NaN
179.70128,9.711e-21,NaN
179.70152,9.227e-21,NaN
179.70176,8.705e-21,NaN
179.702,8.259e-21,NaN
179.70224,7.749e-21,NaN
179.70248,7.338e-21,NaN
179.70272,6.995e-21,NaN
179.70296,6.938e-21,NaN
179.7032,6.966e-21,NaN
179.70344,6.916e-21,NaN
179.70368,6.86e-21,NaN
179.70392,6.686e-21,NaN
179.70416,6.629e-21,NaN
179.7044,6.692e-21,NaN
179.70464,6.642e-21,NaN
179.70488,6.619e-21,NaN
179.70512,6.658e-21,NaN
179.70536,6.758e-21,NaN
179.7056,6.911e-21,NaN
179.70584,6.961e-21,NaN
179.70608,7.017e-21,NaN
179.70632,7.225e-21,NaN
179.70656,7.403e-21,NaN
179.7068,7.588e-21,NaN
179.70704,7.751e-21,NaN
179.70728,7.944e-21,NaN
179.70752,7.989e-21,NaN
179.70776,7.908e-21,NaN
179.708,8.031e-21,NaN
179.70824,8.235e-21,NaN
179.70848,8.509e-21,NaN
179.70872,8.891e-21,NaN
179.70896,9.272e-21,NaN
179.7092,9.598e-21,NaN
179.70944,9.88e-21,NaN
179.70968,1.011e-20,NaN
179.70992,1.032e-20,NaN
179.71016,1.055e-20,NaN
179.7104,1.053e-20,NaN
179.71064,1.057e-20,NaN
179.71088,1.064e-20,NaN
179.71112,1.076e-20,NaN
179.71153,1.309e-20,NaN
179.71182,1.402e-20,NaN
179.71211,1.467e-20,NaN
179.7124,1.537e-20,NaN
179.71269,1.612e-20,NaN
179.71298,1.785e-20,NaN
179.71327,2.029e-20,NaN
179.71356,2.089e-20,NaN
179.71385,2.173e-20,NaN
179.71414,2.287e-20,NaN
179.71443,2.453e-20,NaN
179.71464,2.584e-20,NaN
179.71493,2.709e-20,NaN
179.71522,2.804e-20,NaN
179.71551,2.842e-20,NaN
179.7158,2.86e-20,NaN
179.71609,3.034e-20,NaN
179.71639,3.109e-20,NaN
179.71668,3.161e-20,NaN
179.71697,3.401e-20,NaN
179.71725,3.681e-20,NaN
179.71755,3.855e-20,NaN
179.71784,4.099e-20,NaN
179.71818,4.545e-20,NaN
179.71842,5.063e-20,NaN
179.71877,5.635e-20,NaN
179.71906,5.955e-20,NaN
179.71935,6.455e-20,NaN
179.71963,7.747e-20,NaN
179.71991,9.516e-20,NaN
179.7202,1.06e-19,NaN
179.72049,1.19e-19,NaN
179.72078,1.4e-19,NaN
179.72108,1.652e-19,NaN
179.72143,1.983e-19,NaN
179.72169,2.351e-19,NaN
179.72198,2.663e-19,NaN
179.72222,3.052e-19,NaN
179.72251,3.365e-19,NaN
179.7228,3.541e-19,NaN
179.72309,3.781e-19,NaN
179.72338,3.96e-19,NaN
179.72367,4.116e-19,NaN
179.72396,4.242e-19,NaN
179.72425,4.577e-19,NaN
179.72454,4.722e-19,NaN
179.72484,4.367e-19,NaN
179.72513,3.899e-19,NaN
179.72542,3.569e-19,NaN
179.72571,3.282e-19,NaN
179.72605,3.013e-19,NaN
179.72634,2.787e-19,NaN
179.72663,2.645e-19,NaN
179.72692,2.646e-19,NaN
179.72721,2.818e-19,NaN
179.7275,3.131e-19,NaN
179.72774,3.53e-19,NaN
179.72803,3.892e-19,NaN
179.72832,4.156e-19,NaN
179.72861,4.383e-19,NaN
179.7289,4.439e-19,NaN
179.72919,4.132e-19,NaN
179.72953,3.477e-19,NaN
179.72982,2.836e-19,NaN
179.73011,2.35e-19,NaN
179.7304,1.894e-19,NaN
179.73066,1.502e-19,NaN
179.73095,1.262e-19,NaN
179.73124,1.131e-19,NaN
179.73153,9.845e-20,NaN
179.73184,8.383e-20,NaN
179.73213,7.171e-20,NaN
179.73242,6.592e-20,NaN
179.73271,6.34e-20,NaN
179.733,5.875e-20,NaN
179.73329,5.574e-20,NaN
179.73352,5.258e-20,NaN
179.73382,5.039e-20,NaN
179.73416,4.979e-20,NaN
179.7344,5.111e-20,NaN
179.73474,5.839e-20,NaN
179.73504,6.646e-20,NaN
179.73533,8.331e-20,NaN
179.7356,1.037e-19,NaN
179.73589,1.13e-19,NaN
179.73619,1.048e-19,NaN
179.73648,8.892e-20,NaN
179.73678,7.101e-20,NaN
179.73701,5.497e-20,NaN
179.7373,4.355e-20,NaN
179.73759,3.431e-20,NaN
179.73789,2.75e-20,NaN
179.73817,2.392e-20,NaN
179.73846,2.182e-20,NaN
179.73884,2.067e-20,NaN
179.73913,1.969e-20,NaN
179.73942,1.899e-20,NaN
179.73971,2.005e-20,NaN
179.73992,2.131e-20,NaN
179.74029,2.141e-20,NaN
179.74058,2.139e-20,NaN
179.74079,2.075e-20,NaN
179.74116,1.927e-20,NaN
179.74145,1.868e-20,NaN
179.74174,1.834e-20,NaN
179.74203,1.885e-20,NaN
179.74232,2.145e-20,NaN
179.74262,2.374e-20,NaN
179.74291,2.413e-20,NaN
179.74312,2.124e-20,NaN
179.74349,1.695e-20,NaN
179.74377,1.017e-20,NaN
179.744,9.637e-21,NaN
179.74425,8.89e-21,NaN
179.74449,8.47e-21,NaN
179.74473,8.093e-21,NaN
179.74497,7.778e-21,NaN
179.74521,7.569e-21,NaN
179.74545,7.178e-21,NaN
179.74568,6.878e-21,NaN
179.74593,6.637e-21,NaN
179.74617,6.387e-21,NaN
179.74641,6.118e-21,NaN
179.74665,5.893e-21,NaN
179.74689,5.629e-21,NaN
179.74713,5.434e-21,NaN
179.74737,5.267e-21,NaN
179.74761,5.082e-21,NaN
179.74785,4.966e-21,NaN
179.74809,4.886e-21,NaN
179.74833,4.728e-21,NaN
179.74857,4.629e-21,NaN
179.74881,4.579e-21,NaN
179.74905,4.504e-21,NaN
179.74929,4.423e-21,NaN
179.74953,4.353e-21,NaN
179.74977,4.33e-21,NaN
179.75001,4.206e-21,NaN
179.75025,4.178e-21,NaN
179.75049,4.193e-21,NaN
179.75073,4.145e-21,NaN
179.75097,4.14e-21,NaN
179.75121,4.136e-21,NaN
179.75145,4.123e-21,NaN
179.75169,4.105e-21,NaN
179.75193,4.071e-21,NaN
179.75217,4.053e-21,NaN
179.75241,4.056e-21,NaN
179.75265,4.07e-21,NaN
179.75289,4.043e-21,NaN
179.75313,3.977e-21,NaN
179.75337,3.986e-21,NaN
179.75361,4.02e-21,NaN
179.75385,4.045e-21,NaN
179.75409,3.99e-21,NaN
179.75433,3.972e-21,NaN
179.75457,3.937e-21,NaN
179.75481,3.907e-21,NaN
179.75505,3.874e-21,NaN
179.75529,3.828e-21,NaN
179.75553,3.844e-21,NaN
179.75577,3.865e-21,NaN
179.75601,3.912e-21,NaN
179.75625,3.967e-21,NaN
179.75649,4.07e-21,NaN
179.75685,4.975e-21,NaN
179.75715,6.747e-21,NaN
179.75744,7.23e-21,NaN
179.75773,8.118e-21,NaN
179.75802,1.026e-20,NaN
179.75831,1.25e-20,NaN
179.7586,1.451e-20,NaN
179.75889,1.543e-20,NaN
179.75918,1.755e-20,NaN
179.75947,1.76e-20,NaN
179.75976,1.414e-20,NaN
179.76005,1.108e-20,NaN
179.76034,8.578e-21,NaN
179.76064,6.259e-21,NaN
179.76141,5.19e-21,NaN
179.76177,3.463e-21,NaN
179.76201,3.344e-21,NaN
179.76225,3.295e-21,NaN
179.76249,3.251e-21,NaN
179.76273,3.194e-21,NaN
179.76297,3.137e-21,NaN
179.76321,3.084e-21,NaN
179.76345,3.053e-21,NaN
179.76369,3.039e-21,NaN
179.76393,3.012e-21,NaN
179.76417,3.002e-21,NaN
179.76441,2.992e-21,NaN
179.76465,3.047e-21,NaN
179.76489,3.014e-21,NaN
179.76513,3.019e-21,NaN
179.76537,3.071e-21,NaN
179.76585,3.195e-21,NaN
179.76609,3.333e-21,NaN
179.76633,3.427e-21,NaN
179.76657,3.498e-21,NaN
179.76681,3.593e-21,NaN
179.76705,3.698e-21,NaN
179.76729,3.807e-21,NaN
179.76753,3.89e-21,NaN
179.76777,4.007e-21,NaN
179.768,4.063e-21,NaN
179.76825,4.079e-21,NaN
179.76848,4.027e-21,NaN
179.76872,3.95e-21,NaN
179.76897,3.899e-21,NaN
179.76921,3.831e-21,NaN
179.76944,3.728e-21,NaN
179.76968,3.63e-21,NaN
179.76992,3.579e-21,NaN
179.77016,3.562e-21,NaN
179.7704,3.573e-21,NaN
179.77064,3.628e-21,NaN
179.77088,3.703e-21,NaN
179.77112,3.772e-21,NaN
179.77136,3.844e-21,NaN
179.7716,3.879e-21,NaN
179.77184,3.889e-21,NaN
179.77208,3.866e-21,NaN
179.77232,3.824e-21,NaN
179.77256,3.785e-21,NaN
179.7728,3.776e-21,NaN
179.77303,3.788e-21,NaN
179.77328,3.833e-21,NaN
179.77352,3.851e-21,NaN
179.77375,3.842e-21,NaN
179.77399,3.751e-21,NaN
179.77423,3.601e-21,NaN
179.77447,3.39e-21,NaN
179.77471,3.203e-21,NaN
179.77495,3.026e-21,NaN
179.77519,2.918e-21,NaN
179.77543,2.841e-21,NaN
179.77567,2.789e-21,NaN
179.77591,2.752e-21,NaN
179.77615,2.748e-21,NaN
179.77639,2.76e-21,NaN
179.77663,2.784e-21,NaN
179.77687,2.793e-21,NaN
179.77711,2.818e-21,NaN
179.77735,2.832e-21,NaN
179.77759,2.856e-21,NaN
179.77783,2.896e-21,NaN
179.77807,2.912e-21,NaN
179.77831,2.941e-21,NaN
179.77855,2.962e-21,NaN
179.77878,2.957e-21,NaN
179.77902,2.955e-21,NaN
179.77927,2.933e-21,NaN
179.77951,2.925e-21,NaN
179.77974,2.918e-21,NaN
179.77998,2.93e-21,NaN
179.78022,2.959e-21,NaN
179.78046,2.972e-21,NaN
179.7807,3.027e-21,NaN
179.78094,3.078e-21,NaN
179.78118,3.153e-21,NaN
179.78142,3.25e-21,NaN
179.78166,3.346e-21,NaN
179.7819,3.502e-21,NaN
179.78214,3.605e-21,NaN
179.78238,3.75e-21,NaN
179.78261,3.913e-21,NaN
179.78286,4.028e-21,NaN
179.7831,4.113e-21,NaN
179.78334,4.165e-21,NaN
179.78357,4.195e-21,NaN
179.78382,4.18e-21,NaN
179.78405,4.082e-21,NaN
179.78429,4.0e-21,NaN
179.78453,3.878e-21,NaN
179.78477,3.807e-21,NaN
179.78501,3.783e-21,NaN
179.78525,3.773e-21,NaN
179.78549,3.769e-21,NaN
179.78573,3.82e-21,NaN
179.78597,3.865e-21,NaN
179.78621,3.913e-21,NaN
179.78645,3.938e-21,NaN
179.78669,3.886e-21,NaN
179.78693,3.845e-21,NaN
179.78718,3.772e-21,NaN
179.78741,3.613e-21,NaN
179.78765,3.501e-21,NaN
179.78789,3.386e-21,NaN
179.78814,3.321e-21,NaN
179.78837,3.304e-21,NaN
179.78861,3.277e-21,NaN
179.78885,3.282e-21,NaN
179.7891,3.24e-21,NaN
179.78933,3.284e-21,NaN
179.78957,3.336e-21,NaN
179.78981,3.335e-21,NaN
179.79006,3.399e-21,NaN
179.79029,3.454e-21,NaN
179.79053,3.433e-21,NaN
179.79077,3.424e-21,NaN
179.79102,3.381e-21,NaN
179.79125,3.345e-21,NaN
179.79149,3.321e-21,NaN
179.79174,3.301e-21,NaN
179.79198,3.268e-21,NaN
179.79221,3.249e-21,NaN
179.79245,3.271e-21,NaN
179.7927,3.294e-21,NaN
179.79294,3.32e-21,NaN
179.79317,3.372e-21,NaN
179.79341,3.422e-21,NaN
179.79366,3.431e-21,NaN
179.7939,3.463e-21,NaN
179.79413,3.509e-21,NaN
179.79437,3.561e-21,NaN
179.79462,3.603e-21,NaN
179.79486,3.644e-21,NaN
179.79509,3.696e-21,NaN
179.79533,3.734e-21,NaN
179.79558,3.751e-21,NaN
179.79582,3.837e-21,NaN
179.79605,3.928e-21,NaN
179.79629,3.995e-21,NaN
179.79654,4.034e-21,NaN
179.79678,4.048e-21,NaN
179.79701,4.09e-21,NaN
179.79726,4.122e-21,NaN
179.7975,4.114e-21,NaN
179.79774,4.135e-21,NaN
179.79798,4.119e-21,NaN
179.79822,4.137e-21,NaN
179.79846,4.166e-21,NaN
179.7987,4.197e-21,NaN
179.79894,4.233e-21,NaN
179.79918,4.316e-21,NaN
179.79942,4.379e-21,NaN
179.79966,4.478e-21,NaN
179.7999,4.498e-21,NaN
179.80014,4.478e-21,NaN
179.80038,4.496e-21,NaN
179.80062,4.494e-21,NaN
179.80086,4.598e-21,NaN
179.8011,4.68e-21,NaN
179.80134,4.794e-21,NaN
179.80158,4.868e-21,NaN
179.80182,4.898e-21,NaN
179.80206,4.967e-21,NaN
179.8023,5.043e-21,NaN
179.80254,5.146e-21,NaN
179.80278,5.265e-21,NaN
179.80302,5.344e-21,NaN
179.80326,5.433e-21,NaN
179.8035,5.551e-21,NaN
179.80374,5.618e-21,NaN
179.80398,5.667e-21,NaN
179.80422,5.816e-21,NaN
179.80446,5.916e-21,NaN
179.8047,6.082e-21,NaN
179.80494,6.23e-21,NaN
179.80518,6.339e-21,NaN
179.80542,6.485e-21,NaN
179.80566,6.764e-21,NaN
179.8059,6.994e-21,NaN
179.80614,7.1e-21,NaN
179.80638,7.239e-21,NaN
179.80662,7.421e-21,NaN
179.80686,7.434e-21,NaN
179.8071,7.433e-21,NaN
179.80734,7.587e-21,NaN
179.80758,7.692e-21,NaN
179.80782,7.751e-21,NaN
179.80806,7.967e-21,NaN
179.8083,8.217e-21,NaN
179.80854,8.627e-21,NaN
179.80878,8.967e-21,NaN
179.80902,9.149e-21,NaN
179.80926,9.464e-21,NaN
179.8095,9.716e-21,NaN
179.80974,1.012e-20,NaN
179.80998,1.048e-20,NaN
179.81153,1.329e-20,NaN
179.81446,2.252e-20,NaN
179.81472,2.637e-20,NaN
179.81493,2.802e-20,NaN
179.81522,2.921e-20,NaN
179.81551,3.087e-20,NaN
179.81581,3.548e-20,NaN
179.8161,4.06e-20,NaN
179.81639,4.369e-20,NaN
179.81674,4.9e-20,NaN
179.81703,5.606e-20,NaN
179.81732,6.185e-20,NaN
179.81761,6.991e-20,NaN
179.81789,8.108e-20,NaN
179.81818,9.304e-20,NaN
179.81847,1.047e-19,NaN
179.81876,1.236e-19,NaN
179.81905,1.464e-19,NaN
179.81934,1.745e-19,NaN
179.81962,2.053e-19,NaN
179.81995,2.482e-19,NaN
179.82024,2.972e-19,NaN
179.82049,3.365e-19,NaN
179.82078,3.718e-19,NaN
179.82107,3.9e-19,NaN
179.82136,3.99e-19,NaN
179.82165,4.06e-19,NaN
179.82194,4.031e-19,NaN
179.82223,3.975e-19,NaN
179.82252,3.717e-19,NaN
179.82282,3.386e-19,NaN
179.82316,3.173e-19,NaN
179.82345,3.004e-19,NaN
179.82374,2.773e-19,NaN
179.82403,2.655e-19,NaN
179.82432,2.656e-19,NaN
179.82461,2.713e-19,NaN
179.8249,2.873e-19,NaN
179.82519,3.126e-19,NaN
179.82543,3.458e-19,NaN
179.82573,3.563e-19,NaN
179.82606,3.39e-19,NaN
179.82635,3.196e-19,NaN
179.82664,2.861e-19,NaN
179.82697,2.272e-19,NaN
179.82719,1.828e-19,NaN
179.82749,1.494e-19,NaN
179.82778,1.178e-19,NaN
179.82808,9.292e-20,NaN
179.82837,7.54e-20,NaN
179.82867,6.27e-20,NaN
179.82896,5.359e-20,NaN
179.82925,4.758e-20,NaN
179.82954,4.149e-20,NaN
179.82977,3.533e-20,NaN
179.83006,3.205e-20,NaN
179.83035,2.998e-20,NaN
179.83064,2.721e-20,NaN
179.83102,2.46e-20,NaN
179.83123,2.297e-20,NaN
179.8316,2.068e-20,NaN
179.83189,1.884e-20,NaN
179.83218,1.872e-20,NaN
179.83247,1.949e-20,NaN
179.83276,1.849e-20,NaN
179.83305,1.586e-20,NaN
179.83334,1.509e-20,NaN
179.83364,1.573e-20,NaN
179.83393,1.604e-20,NaN
179.83422,1.581e-20,NaN
179.83451,1.463e-20,NaN
179.8348,1.271e-20,NaN
179.83509,1.187e-20,NaN
179.83538,1.161e-20,NaN
179.83542,1.083e-20,NaN
179.83566,1.049e-20,NaN
179.83591,1.017e-20,NaN
179.83615,9.984e-21,NaN
179.83638,9.773e-21,NaN
179.83662,9.763e-21,NaN
179.83686,9.647e-21,NaN
179.83711,9.359e-21,NaN
179.83735,9.205e-21,NaN
179.83758,9.108e-21,NaN
179.83782,9.056e-21,NaN
179.83807,8.808e-21,NaN
179.83831,8.891e-21,NaN
179.83855,8.806e-21,NaN
179.83878,8.802e-21,NaN
179.83902,8.871e-21,NaN
179.83927,8.892e-21,NaN
179.83951,9.027e-21,NaN
179.83975,9.244e-21,NaN
179.83998,9.584e-21,NaN
179.84023,9.918e-21,NaN
179.84047,1.021e-20,NaN
179.84062,1.064e-20,NaN
179.84091,1.342e-20,NaN
179.8412,1.469e-20,NaN
179.84149,1.425e-20,NaN
179.84178,1.494e-20,NaN
179.84207,1.743e-20,NaN
179.84228,2.11e-20,NaN
179.84266,2.287e-20,NaN
179.84295,2.456e-20,NaN
179.84316,2.765e-20,NaN
179.84345,3.256e-20,NaN
179.84374,3.719e-20,NaN
179.84409,4.181e-20,NaN
179.84438,4.324e-20,NaN
179.84461,4.111e-20,NaN
179.8449,3.844e-20,NaN
179.8452,3.463e-20,NaN
179.84549,2.868e-20,NaN
179.84586,2.394e-20,NaN
179.84607,2.101e-20,NaN
179.84644,1.73e-20,NaN
179.84673,1.665e-20,NaN
179.84702,1.726e-20,NaN
179.84731,1.754e-20,NaN
179.8476,1.873e-20,NaN
179.8479,2.134e-20,NaN
179.84819,2.515e-20,NaN
179.84848,3.023e-20,NaN
179.84874,3.584e-20,NaN
179.84898,4.038e-20,NaN
179.84933,4.603e-20,NaN
179.84962,4.912e-20,NaN
179.84991,4.752e-20,NaN
179.85014,4.253e-20,NaN
179.85043,3.626e-20,NaN
179.85073,2.869e-20,NaN
179.85102,2.233e-20,NaN
179.85139,1.754e-20,NaN
179.85175,9.568e-21,NaN
179.85199,9.334e-21,NaN
179.85223,8.652e-21,NaN
179.85247,8.112e-21,NaN
179.85271,7.59e-21,NaN
179.85295,7.37e-21,NaN
179.85319,7.153e-21,NaN
179.85343,7.074e-21,NaN
179.85367,7.041e-21,NaN
179.85391,7.021e-21,NaN
179.85415,6.973e-21,NaN
179.85439,6.915e-21,NaN
179.85463,7.048e-21,NaN
179.85487,7.238e-21,NaN
179.85511,7.663e-21,NaN
179.85535,8.094e-21,NaN
179.85559,8.436e-21,NaN
179.85583,8.992e-21,NaN
179.85607,9.314e-21,NaN
179.85634,1.214e-20,NaN
179.85663,1.3e-20,NaN
179.85692,1.572e-20,NaN
179.85721,1.977e-20,NaN
179.8575,2.576e-20,NaN
179.85771,3.363e-20,NaN
179.85806,4.321e-20,NaN
179.85835,5.126e-20,NaN
179.85864,5.5e-20,NaN
179.85893,5.258e-20,NaN
179.85917,4.58e-20,NaN
179.85946,3.68e-20,NaN
179.85975,2.833e-20,NaN
179.86004,2.24e-20,NaN
179.86063,9.539e-21,NaN
179.86087,9.151e-21,NaN
179.86111,8.54e-21,NaN
179.86135,8.082e-21,NaN
179.86159,7.648e-21,NaN
179.86183,7.317e-21,NaN
179.86207,6.982e-21,NaN
179.86231,6.786e-21,NaN
179.86255,6.68e-21,NaN
179.86279,6.468e-21,NaN
179.86303,6.364e-21,NaN
179.86327,6.431e-21,NaN
179.86351,6.491e-21,NaN
179.86375,6.4e-21,NaN
179.86399,6.461e-21,NaN
179.86423,6.428e-21,NaN
179.86447,6.438e-21,NaN
179.86471,6.531e-21,NaN
179.86495,6.66e-21,NaN
179.86519,6.669e-21,NaN
179.86543,6.623e-21,NaN
179.86567,6.717e-21,NaN
179.86591,6.827e-21,NaN
179.86615,6.895e-21,NaN
179.86639,7.012e-21,NaN
179.86663,7.035e-21,NaN
179.86687,7.149e-21,NaN
179.86711,7.287e-21,NaN
179.86735,7.424e-21,NaN
179.86759,7.587e-21,NaN
179.86783,7.597e-21,NaN
179.86807,7.621e-21,NaN
179.86831,7.767e-21,NaN
179.86855,7.969e-21,NaN
179.86879,8.405e-21,NaN
179.86903,8.643e-21,NaN
179.86927,8.948e-21,NaN
179.86951,9.344e-21,NaN
179.86975,9.788e-21,NaN
179.86999,1.017e-20,NaN
179.87023,1.034e-20,NaN
179.87047,1.059e-20,NaN
179.87089,1.394e-20,NaN
179.87118,1.42e-20,NaN
179.87148,1.449e-20,NaN
179.87177,1.43e-20,NaN
179.87206,1.494e-20,NaN
179.87235,1.574e-20,NaN
179.87264,1.658e-20,NaN
179.87293,1.719e-20,NaN
179.87322,1.864e-20,NaN
179.87351,1.992e-20,NaN
179.8738,2.125e-20,NaN
179.8741,2.447e-20,NaN
179.87439,2.704e-20,NaN
179.8746,2.688e-20,NaN
179.87489,2.842e-20,NaN
179.87518,3.141e-20,NaN
179.87547,3.452e-20,NaN
179.87576,3.859e-20,NaN
179.87611,4.318e-20,NaN
179.8764,4.75e-20,NaN
179.87669,5.097e-20,NaN
179.87698,5.552e-20,NaN
179.87727,6.25e-20,NaN
179.87755,7.397e-20,NaN
179.87784,8.622e-20,NaN
179.87814,1.004e-19,NaN
179.87843,1.174e-19,NaN
179.87872,1.383e-19,NaN
179.87901,1.63e-19,NaN
179.87936,1.922e-19,NaN
179.87962,2.071e-19,NaN
179.87995,2.144e-19,NaN
179.8802,2.252e-19,NaN
179.8805,2.403e-19,NaN
179.88079,2.527e-19,NaN
179.88108,2.538e-19,NaN
179.88137,2.559e-19,NaN
179.88166,2.612e-19,NaN
179.88195,2.636e-19,NaN
179.88224,2.634e-19,NaN
179.88253,2.456e-19,NaN
179.88283,2.27e-19,NaN
179.88315,2.209e-19,NaN
179.88341,2.061e-19,NaN
179.88373,1.787e-19,NaN
179.88396,1.573e-19,NaN
179.88431,1.538e-19,NaN
179.88461,1.568e-19,NaN
179.88483,1.518e-19,NaN
179.88512,1.538e-19,NaN
179.88541,1.706e-19,NaN
179.88577,1.979e-19,NaN
179.88603,2.252e-19,NaN
179.88632,2.415e-19,NaN
179.88661,2.534e-19,NaN
179.8869,2.549e-19,NaN
179.88719,2.371e-19,NaN
179.88749,2.108e-19,NaN
179.88781,1.805e-19,NaN
179.88803,1.501e-19,NaN
179.88833,1.185e-19,NaN
179.88863,9.056e-20,NaN
179.88892,7.151e-20,NaN
179.88921,6.039e-20,NaN
179.88945,5.201e-20,NaN
179.8898,4.568e-20,NaN
179.89003,3.959e-20,NaN
179.89032,3.593e-20,NaN
179.89061,3.336e-20,NaN
179.89091,2.943e-20,NaN
179.8912,2.607e-20,NaN
179.89149,2.324e-20,NaN
179.89186,2.126e-20,NaN
179.89215,1.912e-20,NaN
179.89244,1.783e-20,NaN
179.89273,1.92e-20,NaN
179.89294,2.288e-20,NaN
179.89332,2.535e-20,NaN
179.89353,2.617e-20,NaN
179.8939,2.634e-20,NaN
179.89411,2.537e-20,NaN
179.8944,2.481e-20,NaN
179.89469,2.443e-20,NaN
179.89498,2.166e-20,NaN
179.89536,1.63e-20,NaN
179.89568,1.015e-20,NaN
179.89592,9.812e-21,NaN
179.89616,9.335e-21,NaN
179.8964,8.711e-21,NaN
179.89664,8.271e-21,NaN
179.89688,7.842e-21,NaN
179.89712,7.593e-21,NaN
179.89736,7.366e-21,NaN
179.8976,7.01e-21,NaN
179.89784,6.782e-21,NaN
179.89808,6.651e-21,NaN
179.89832,6.524e-21,NaN
179.89856,6.394e-21,NaN
179.8988,6.239e-21,NaN
179.89904,6.139e-21,NaN
179.89928,6.133e-21,NaN
179.89952,6.06e-21,NaN
179.89976,6.082e-21,NaN
179.9,6.033e-21,NaN
179.90024,6.148e-21,NaN
179.90031,6.49e-21,NaN
179.9006,9.316e-21,NaN
179.90089,1.012e-20,NaN
179.90118,9.074e-21,NaN
179.90147,9.095e-21,NaN
179.90176,1.112e-20,NaN
179.90205,1.443e-20,NaN
179.90235,1.834e-20,NaN
179.90264,2.08e-20,NaN
179.90293,1.983e-20,NaN
179.90322,1.722e-20,NaN
179.90351,1.408e-20,NaN
179.9038,1.143e-20,NaN
179.90409,8.929e-21,NaN
179.90499,8.062e-21,NaN
179.90624,4.053e-21,NaN
179.90648,3.986e-21,NaN
179.90672,3.887e-21,NaN
179.90696,3.914e-21,NaN
179.9072,3.938e-21,NaN
179.90744,3.93e-21,NaN
179.90768,3.919e-21,NaN
179.90792,3.94e-21,NaN
179.90816,3.953e-21,NaN
179.9084,3.944e-21,NaN
179.90864,3.896e-21,NaN
179.90888,3.87e-21,NaN
179.90912,3.847e-21,NaN
179.90936,3.755e-21,NaN
179.9096,3.603e-21,NaN
179.90984,3.493e-21,NaN
179.91008,3.376e-21,NaN
179.91032,3.251e-21,NaN
179.91056,3.118e-21,NaN
179.9108,3.045e-21,NaN
179.91104,2.978e-21,NaN
179.91128,2.942e-21,NaN
179.91153,2.922e-21,NaN
179.91176,2.938e-21,NaN
179.912,2.935e-21,NaN
179.91224,2.93e-21,NaN
179.91248,2.9e-21,NaN
179.91272,2.871e-21,NaN
179.91297,2.849e-21,NaN
179.91321,2.808e-21,NaN
179.91344,2.79e-21,NaN
179.91368,2.815e-21,NaN
179.91392,2.85e-21,NaN
179.91416,2.892e-21,NaN
179.91441,2.958e-21,NaN
179.91465,3.062e-21,NaN
179.91489,3.186e-21,NaN
179.91512,3.315e-21,NaN
179.91536,3.46e-21,NaN
179.9156,3.66e-21,NaN
179.91584,3.904e-21,NaN
179.91609,4.239e-21,NaN
179.91633,4.68e-21,NaN
179.91671,5.039e-21,NaN
179.91691,1.15e-20,NaN
179.9172,1.329e-20,NaN
179.91749,1.734e-20,NaN
179.91779,1.95e-20,NaN
179.91808,1.973e-20,NaN
179.91829,1.734e-20,NaN
179.91866,1.229e-20,NaN
179.91895,8.397e-21,NaN
179.91945,3.522e-21,NaN
179.91969,3.181e-21,NaN
179.91993,2.998e-21,NaN
179.92016,2.876e-21,NaN
179.92041,2.775e-21,NaN
179.92065,2.679e-21,NaN
179.92089,2.597e-21,NaN
179.92113,2.538e-21,NaN
179.92137,2.483e-21,NaN
179.92161,2.45e-21,NaN
179.92185,2.407e-21,NaN
179.92209,2.385e-21,NaN
179.92233,2.362e-21,NaN
179.92257,2.318e-21,NaN
179.92281,2.285e-21,NaN
179.92305,2.256e-21,NaN
179.92329,2.243e-21,NaN
179.92353,2.237e-21,NaN
179.92377,2.258e-21,NaN
179.92401,2.26e-21,NaN
179.92425,2.248e-21,NaN
179.92449,2.232e-21,NaN
179.92473,2.211e-21,NaN
179.92497,2.183e-21,NaN
179.92521,2.177e-21,NaN
179.92545,2.19e-21,NaN
179.92569,2.199e-21,NaN
179.92593,2.194e-21,NaN
179.92617,2.177e-21,NaN
179.92641,2.189e-21,NaN
179.92665,2.206e-21,NaN
179.92689,2.222e-21,NaN
179.92713,2.241e-21,NaN
179.92737,2.248e-21,NaN
179.92761,2.274e-21,NaN
179.92785,2.311e-21,NaN
179.92809,2.332e-21,NaN
179.92833,2.374e-21,NaN
179.92857,2.428e-21,NaN
179.92881,2.483e-21,NaN
179.92905,2.526e-21,NaN
179.92929,2.574e-21,NaN
179.92953,2.645e-21,NaN
179.92977,2.687e-21,NaN
179.93001,2.746e-21,NaN
179.93025,2.828e-21,NaN
179.93049,2.88e-21,NaN
179.93073,2.895e-21,NaN
179.93097,2.925e-21,NaN
179.93121,2.948e-21,NaN
179.93145,2.918e-21,NaN
179.93169,2.897e-21,NaN
179.93193,2.883e-21,NaN
179.93217,2.826e-21,NaN
179.93241,2.785e-21,NaN
179.93265,2.728e-21,NaN
179.93289,2.677e-21,NaN
179.93313,2.615e-21,NaN
179.93337,2.563e-21,NaN
179.93361,2.561e-21,NaN
179.93385,2.599e-21,NaN
179.93409,2.629e-21,NaN
179.93433,2.668e-21,NaN
179.93457,2.722e-21,NaN
179.93481,2.774e-21,NaN
179.93505,2.8e-21,NaN
179.93529,2.777e-21,NaN
179.93553,2.739e-21,NaN
179.93577,2.677e-21,NaN
179.93601,2.587e-21,NaN
179.93625,2.513e-21,NaN
179.93649,2.428e-21,NaN
179.93673,2.364e-21,NaN
179.93697,2.32e-21,NaN
179.93721,2.28e-21,NaN
179.93745,2.255e-21,NaN
179.93769,2.23e-21,NaN
179.93793,2.213e-21,NaN
179.93817,2.207e-21,NaN
179.93841,2.202e-21,NaN
179.93865,2.19e-21,NaN
179.93889,2.179e-21,NaN
179.93913,2.176e-21,NaN
179.93937,2.167e-21,NaN
179.93961,2.146e-21,NaN
179.93985,2.141e-21,NaN
179.94009,2.146e-21,NaN
179.94033,2.155e-21,NaN
179.94057,2.176e-21,NaN
179.94081,2.189e-21,NaN
179.94105,2.182e-21,NaN
179.94129,2.189e-21,NaN
179.94153,2.206e-21,NaN
179.94177,2.227e-21,NaN
179.94201,2.247e-21,NaN
179.94225,2.262e-21,NaN
179.94249,2.266e-21,NaN
179.94273,2.26e-21,NaN
179.94297,2.242e-21,NaN
179.94321,2.229e-21,NaN
179.94345,2.231e-21,NaN
179.94369,2.242e-21,NaN
179.94393,2.258e-21,NaN
179.94417,2.244e-21,NaN
179.94441,2.241e-21,NaN
179.94465,2.277e-21,NaN
179.94489,2.322e-21,NaN
179.94513,2.341e-21,NaN
179.94537,2.347e-21,NaN
179.94561,2.346e-21,NaN
179.94585,2.333e-21,NaN
179.94609,2.326e-21,NaN
179.94633,2.328e-21,NaN
179.94657,2.322e-21,NaN
179.94681,2.322e-21,NaN
179.94705,2.333e-21,NaN
179.94729,2.374e-21,NaN
179.94753,2.407e-21,NaN
179.94777,2.462e-21,NaN
179.94801,2.559e-21,NaN
179.94825,2.631e-21,NaN
179.94849,2.713e-21,NaN
179.94873,2.84e-21,NaN
179.94897,3.002e-21,NaN
179.94921,3.193e-21,NaN
179.94945,3.419e-21,NaN
179.94969,3.654e-21,NaN
179.94993,3.852e-21,NaN
179.95017,4.093e-21,NaN
179.95041,4.336e-21,NaN
179.95065,4.549e-21,NaN
179.95089,4.719e-21,NaN
179.95113,4.812e-21,NaN
179.95137,4.814e-21,NaN
179.95161,4.724e-21,NaN
179.95185,4.516e-21,NaN
179.95209,4.25e-21,NaN
179.95233,4.015e-21,NaN
179.95257,3.794e-21,NaN
179.95281,3.521e-21,NaN
179.95305,3.37e-21,NaN
179.95329,3.164e-21,NaN
179.95353,3.067e-21,NaN
179.95377,3.071e-21,NaN
179.95401,3.057e-21,NaN
179.95425,3.078e-21,NaN
179.95449,3.092e-21,NaN
179.95473,3.154e-21,NaN
179.95497,3.185e-21,NaN
179.95521,3.142e-21,NaN
179.95545,3.107e-21,NaN
179.95569,3.043e-21,NaN
179.95593,2.945e-21,NaN
179.95617,2.852e-21,NaN
179.95641,2.763e-21,NaN
179.95665,2.676e-21,NaN
179.95689,2.609e-21,NaN
179.95713,2.575e-21,NaN
179.95737,2.549e-21,NaN
179.95761,2.537e-21,NaN
179.95785,2.531e-21,NaN
179.95809,2.522e-21,NaN
179.95833,2.543e-21,NaN
179.95857,2.547e-21,NaN
179.95881,2.57e-21,NaN
179.95905,2.615e-21,NaN
179.95929,2.639e-21,NaN
179.95953,2.643e-21,NaN
179.95977,2.65e-21,NaN
179.96001,2.655e-21,NaN
179.96025,2.691e-21,NaN
179.96049,2.714e-21,NaN
179.96073,2.719e-21,NaN
179.96097,2.707e-21,NaN
179.96121,2.741e-21,NaN
179.96145,2.743e-21,NaN
179.96169,2.748e-21,NaN
179.96193,2.738e-21,NaN
179.96217,2.78e-21,NaN
179.96241,2.797e-21,NaN
179.96265,2.773e-21,NaN
179.96289,2.772e-21,NaN
179.96313,2.791e-21,NaN
179.96337,2.837e-21,NaN
179.96361,2.852e-21,NaN
179.96385,2.87e-21,NaN
179.96409,2.886e-21,NaN
179.96433,2.89e-21,NaN
179.96457,2.925e-21,NaN
179.96481,2.932e-21,NaN
179.96505,2.954e-21,NaN
179.96529,2.946e-21,NaN
179.96553,2.959e-21,NaN
179.96577,2.98e-21,NaN
179.96601,2.996e-21,NaN
179.96625,3.026e-21,NaN
179.96649,3.046e-21,NaN
179.96673,3.067e-21,NaN
179.96697,3.087e-21,NaN
179.96721,3.126e-21,NaN
179.96745,3.17e-21,NaN
179.9677,3.295e-21,NaN
179.96793,3.355e-21,NaN
179.96817,3.418e-21,NaN
179.96841,3.485e-21,NaN
179.96865,3.541e-21,NaN
179.96889,3.658e-21,NaN
179.96913,3.816e-21,NaN
179.96937,3.992e-21,NaN
179.96961,4.184e-21,NaN
179.96986,4.46e-21,NaN
179.9701,4.593e-21,NaN
179.97033,4.793e-21,NaN
179.97057,4.92e-21,NaN
179.97081,4.978e-21,NaN
179.97105,5.017e-21,NaN
179.97129,4.922e-21,NaN
179.97153,4.761e-21,NaN
179.97178,4.629e-21,NaN
179.97202,4.395e-21,NaN
179.97226,4.262e-21,NaN
179.9725,4.109e-21,NaN
179.97273,4.018e-21,NaN
179.97297,3.967e-21,NaN
179.97321,3.979e-21,NaN
179.97345,4.017e-21,NaN
179.97369,4.015e-21,NaN
179.97394,4.032e-21,NaN
179.97418,4.154e-21,NaN
179.97442,4.254e-21,NaN
179.97466,4.344e-21,NaN
179.9749,4.414e-21,NaN
179.97513,4.466e-21,NaN
179.97537,4.499e-21,NaN
179.97561,4.505e-21,NaN
179.97586,4.58e-21,NaN
179.9761,4.643e-21,NaN
179.97634,4.754e-21,NaN
179.97658,4.853e-21,NaN
179.97682,4.936e-21,NaN
179.97706,5.05e-21,NaN
179.9773,5.157e-21,NaN
179.97754,5.218e-21,NaN
179.97777,5.266e-21,NaN
179.97802,5.348e-21,NaN
179.97826,5.457e-21,NaN
179.9785,5.532e-21,NaN
179.97874,5.66e-21,NaN
179.97898,5.824e-21,NaN
179.97922,5.927e-21,NaN
179.97946,6.065e-21,NaN
179.9797,6.195e-21,NaN
179.97994,6.295e-21,NaN
179.98018,6.433e-21,NaN
179.98042,6.708e-21,NaN
179.98066,6.976e-21,NaN
179.9809,7.05e-21,NaN
179.98114,7.292e-21,NaN
179.98138,7.67e-21,NaN
179.98162,8.025e-21,NaN
179.98186,8.274e-21,NaN
179.9821,8.486e-21,NaN
179.98234,8.801e-21,NaN
179.98258,9.139e-21,NaN
179.98282,9.423e-21,NaN
179.98306,9.825e-21,NaN
179.9833,1.019e-20,NaN
179.98354,1.027e-20,NaN
179.98409,1.163e-20,NaN
179.98733,2.507e-20,NaN
179.98767,3.688e-20,NaN
179.98802,4.265e-20,NaN
179.98831,4.843e-20,NaN
179.9886,5.229e-20,NaN
179.98889,5.635e-20,NaN
179.98918,6.377e-20,NaN
179.98948,7.382e-20,NaN
179.98975,8.579e-20,NaN
179.99005,1.032e-19,NaN
179.99034,1.197e-19,NaN
179.99063,1.363e-19,NaN
179.99099,1.665e-19,NaN
179.99128,1.961e-19,NaN
179.99157,2.179e-19,NaN
179.99183,2.328e-19,NaN
179.99212,2.425e-19,NaN
179.99241,2.511e-19,NaN
179.9927,2.606e-19,NaN
179.99299,2.757e-19,NaN
179.99329,2.904e-19,NaN
179.99358,2.876e-19,NaN
179.99387,2.754e-19,NaN
179.99416,2.629e-19,NaN
179.99445,2.473e-19,NaN
179.99474,2.347e-19,NaN
179.99507,2.148e-19,NaN
179.99533,2.019e-19,NaN
179.99565,1.836e-19,NaN
179.99594,1.682e-19,NaN
179.99623,1.8e-19,NaN
179.99653,2.091e-19,NaN
179.99682,2.295e-19,NaN
179.99708,2.482e-19,NaN
179.99737,2.683e-19,NaN
179.99766,2.805e-19,NaN
179.99795,2.87e-19,NaN
179.99825,2.832e-19,NaN
179.99854,2.63e-19,NaN
179.99883,2.259e-19,NaN
179.99908,1.763e-19,NaN
179.99938,1.306e-19,NaN
179.99968,1.043e-19,NaN
179.99997,8.552e-20,NaN
180.00027,6.872e-20,NaN
180.00056,5.865e-20,NaN
180.00085,5.324e-20,NaN
180.00114,5.132e-20,NaN
180.00138,5.178e-20,NaN
180.00167,5.253e-20,NaN
180.00202,5.288e-20,NaN
180.00231,5.675e-20,NaN
180.0026,6.302e-20,NaN
180.00289,6.665e-20,NaN
180.00318,6.483e-20,NaN
180.00348,5.917e-20,NaN
180.00377,5.169e-20,NaN
180.004,4.223e-20,NaN
180.00429,3.286e-20,NaN
180.00459,2.712e-20,NaN
180.00488,2.486e-20,NaN
180.00525,2.162e-20,NaN
180.00555,1.816e-20,NaN
180.00584,1.601e-20,NaN
180.00613,1.354e-20,NaN
180.00642,1.215e-20,NaN
180.00671,1.116e-20,NaN
180.007,1.083e-20,NaN
180.00707,1.066e-20,NaN
180.00731,1.024e-20,NaN
180.00754,9.944e-21,NaN
180.00778,9.881e-21,NaN
180.00802,9.828e-21,NaN
180.00817,9.991e-21,NaN
180.00846,1.045e-20,NaN
180.00875,1.111e-20,NaN
180.00905,1.24e-20,NaN
180.00934,1.546e-20,NaN
180.00963,1.747e-20,NaN
180.00992,1.921e-20,NaN
180.01013,2.369e-20,NaN
180.01042,3.036e-20,NaN
180.01071,3.966e-20,NaN
180.01101,5.025e-20,NaN
180.01136,5.986e-20,NaN
180.01165,6.463e-20,NaN
180.01194,6.091e-20,NaN
180.01223,4.861e-20,NaN
180.01246,3.385e-20,NaN
180.01276,2.322e-20,NaN
180.01313,1.461e-20,NaN
180.01355,8.687e-21,NaN
180.01379,8.11e-21,NaN
180.01403,7.444e-21,NaN
180.01427,6.825e-21,NaN
180.01451,6.321e-21,NaN
180.01475,5.958e-21,NaN
180.01499,5.749e-21,NaN
180.01523,5.445e-21,NaN
180.01547,5.204e-21,NaN
180.01571,5.091e-21,NaN
180.01595,4.981e-21,NaN
180.01619,4.907e-21,NaN
180.01643,4.803e-21,NaN
180.01667,4.73e-21,NaN
180.01691,4.669e-21,NaN
180.01715,4.633e-21,NaN
180.01739,4.576e-21,NaN
180.01763,4.595e-21,NaN
180.01787,4.684e-21,NaN
180.01811,4.721e-21,NaN
180.01835,4.681e-21,NaN
180.01859,4.627e-21,NaN
180.01883,4.543e-21,NaN
180.01907,4.478e-21,NaN
180.01931,4.379e-21,NaN
180.01955,4.288e-21,NaN
180.01979,4.229e-21,NaN
180.02003,4.142e-21,NaN
180.02027,4.063e-21,NaN
180.02051,3.991e-21,NaN
180.02075,3.927e-21,NaN
180.02099,3.922e-21,NaN
180.02123,3.943e-21,NaN
180.02147,3.94e-21,NaN
180.02171,3.944e-21,NaN
180.02195,3.954e-21,NaN
180.02219,3.898e-21,NaN
180.02243,3.833e-21,NaN
180.02267,3.737e-21,NaN
180.02291,3.607e-21,NaN
180.02315,3.498e-21,NaN
180.02339,3.364e-21,NaN
180.02363,3.267e-21,NaN
180.02387,3.191e-21,NaN
180.02411,3.11e-21,NaN
180.02435,3.032e-21,NaN
180.02483,2.984e-21,NaN
180.02507,2.947e-21,NaN
180.02531,2.946e-21,NaN
180.02554,2.955e-21,NaN
180.02578,2.927e-21,NaN
180.02602,2.919e-21,NaN
180.02626,2.929e-21,NaN
180.0265,2.931e-21,NaN
180.02674,2.94e-21,NaN
180.02698,2.927e-21,NaN
180.02722,2.912e-21,NaN
180.02746,2.937e-21,NaN
180.02769,2.981e-21,NaN
180.02793,3.042e-21,NaN
180.02817,3.124e-21,NaN
180.02841,3.166e-21,NaN
180.02864,3.248e-21,NaN
180.02888,3.317e-21,NaN
180.02912,3.393e-21,NaN
180.02936,3.49e-21,NaN
180.0296,3.571e-21,NaN
180.02984,3.638e-21,NaN
180.03008,3.693e-21,NaN
180.03032,3.731e-21,NaN
180.03056,3.73e-21,NaN
180.03079,3.709e-21,NaN
180.03103,3.656e-21,NaN
180.03127,3.614e-21,NaN
180.03151,3.539e-21,NaN
180.03175,3.481e-21,NaN
180.03199,3.387e-21,NaN
180.03223,3.323e-21,NaN
180.03247,3.272e-21,NaN
180.0327,3.227e-21,NaN
180.03294,3.204e-21,NaN
180.03318,3.143e-21,NaN
180.03342,3.122e-21,NaN
180.03366,3.144e-21,NaN
180.0339,3.171e-21,NaN
180.03414,3.194e-21,NaN
180.03438,3.229e-21,NaN
180.03461,3.264e-21,NaN
180.03485,3.293e-21,NaN
180.03509,3.345e-21,NaN
180.03533,3.421e-21,NaN
180.03557,3.462e-21,NaN
180.0358,3.488e-21,NaN
180.03604,3.52e-21,NaN
180.03628,3.54e-21,NaN
180.03652,3.538e-21,NaN
180.03676,3.522e-21,NaN
180.037,3.522e-21,NaN
180.03724,3.531e-21,NaN
180.03748,3.505e-21,NaN
180.03772,3.494e-21,NaN
180.03795,3.508e-21,NaN
180.03819,3.517e-21,NaN
180.03843,3.506e-21,NaN
180.03867,3.49e-21,NaN
180.03891,3.491e-21,NaN
180.03915,3.472e-21,NaN
180.03939,3.43e-21,NaN
180.03963,3.38e-21,NaN
180.03987,3.408e-21,NaN
180.0401,3.423e-21,NaN
180.04034,3.452e-21,NaN
180.04058,3.526e-21,NaN
180.04082,3.565e-21,NaN
180.04106,3.613e-21,NaN
180.0413,3.67e-21,NaN
180.04154,3.711e-21,NaN
180.04178,3.766e-21,NaN
180.04201,3.824e-21,NaN
180.04225,3.854e-21,NaN
180.04249,3.894e-21,NaN
180.04273,3.897e-21,NaN
180.04297,3.925e-21,NaN
180.04321,3.927e-21,NaN
180.04344,3.894e-21,NaN
180.04368,3.946e-21,NaN
180.04416,4.02e-21,NaN
180.04441,4.023e-21,NaN
180.04465,4.054e-21,NaN
180.04489,4.047e-21,NaN
180.04513,4.066e-21,NaN
180.04537,4.151e-21,NaN
180.04561,4.209e-21,NaN
180.04585,4.286e-21,NaN
180.04609,4.381e-21,NaN
180.04633,4.412e-21,NaN
180.04657,4.515e-21,NaN
180.04681,4.596e-21,NaN
180.04705,4.675e-21,NaN
180.04729,4.729e-21,NaN
180.04753,4.789e-21,NaN
180.04777,4.922e-21,NaN
180.04801,5.037e-21,NaN
180.04825,5.127e-21,NaN
180.04849,5.225e-21,NaN
180.04873,5.325e-21,NaN
180.04897,5.413e-21,NaN
180.04921,5.557e-21,NaN
180.04945,5.72e-21,NaN
180.04969,5.864e-21,NaN
180.04993,5.984e-21,NaN
180.05017,6.185e-21,NaN
180.05041,6.333e-21,NaN
180.05065,6.583e-21,NaN
180.05089,6.786e-21,NaN
180.05113,7.106e-21,NaN
180.05137,7.376e-21,NaN
180.05161,7.567e-21,NaN
180.05185,7.893e-21,NaN
180.05209,8.155e-21,NaN
180.05233,8.434e-21,NaN
180.05257,8.768e-21,NaN
180.05281,9.054e-21,NaN
180.05305,9.406e-21,NaN
180.05329,9.917e-21,NaN
180.05353,1.039e-20,NaN
180.05377,1.048e-20,NaN
180.05793,3.218e-20,NaN
180.05834,5.658e-20,NaN
180.05864,6.447e-20,NaN
180.05891,7.116e-20,NaN
180.05921,7.875e-20,NaN
180.0595,9.447e-20,NaN
180.05979,1.1e-19,NaN
180.06008,1.242e-19,NaN
180.06038,1.359e-19,NaN
180.06067,1.451e-19,NaN
180.06096,1.482e-19,NaN
180.06131,1.484e-19,NaN
180.06154,1.491e-19,NaN
180.06184,1.474e-19,NaN
180.06213,1.453e-19,NaN
180.06242,1.465e-19,NaN
180.06271,1.538e-19,NaN
180.06307,1.606e-19,NaN
180.06329,1.646e-19,NaN
180.06362,1.664e-19,NaN
180.06388,1.588e-19,NaN
180.06417,1.471e-19,NaN
180.06446,1.343e-19,NaN
180.06476,1.221e-19,NaN
180.06505,1.132e-19,NaN
180.06534,1.1e-19,NaN
180.06563,1.024e-19,NaN
180.06592,9.404e-20,NaN
180.06622,9.259e-20,NaN
180.06651,9.768e-20,NaN
180.0668,9.991e-20,NaN
180.06709,1.018e-19,NaN
180.06738,1.123e-19,NaN
180.06768,1.29e-19,NaN
180.06797,1.462e-19,NaN
180.06826,1.668e-19,NaN
180.06862,1.745e-19,NaN
180.06884,1.675e-19,NaN
180.06913,1.543e-19,NaN
180.06943,1.29e-19,NaN
180.06973,1.058e-19,NaN
180.07002,8.615e-20,NaN
180.07032,6.674e-20,NaN
180.07061,5.369e-20,NaN
180.0709,4.529e-20,NaN
180.07113,3.832e-20,NaN
180.07143,3.338e-20,NaN
180.0718,2.821e-20,NaN
180.07201,2.458e-20,NaN
180.07239,2.244e-20,NaN
180.07259,2.014e-20,NaN
180.07297,1.697e-20,NaN
180.07326,1.395e-20,NaN
180.07355,1.152e-20,NaN
180.07395,9.522e-21,NaN
180.07419,9.373e-21,NaN
180.07443,9.049e-21,NaN
180.07467,8.714e-21,NaN
180.07491,8.322e-21,NaN
180.07515,7.991e-21,NaN
180.07539,7.766e-21,NaN
180.07563,7.364e-21,NaN
180.07587,7.054e-21,NaN
180.07611,6.768e-21,NaN
180.07635,6.591e-21,NaN
180.07659,6.427e-21,NaN
180.07683,6.109e-21,NaN
180.07707,5.837e-21,NaN
180.07731,5.685e-21,NaN
180.07755,5.56e-21,NaN
180.07779,5.45e-21,NaN
180.07803,5.3e-21,NaN
180.07827,5.166e-21,NaN
180.07851,4.986e-21,NaN
180.07875,4.81e-21,NaN
180.07899,4.679e-21,NaN
180.07923,4.601e-21,NaN
180.07947,4.496e-21,NaN
180.07971,4.381e-21,NaN
180.07995,4.252e-21,NaN
180.08019,4.145e-21,NaN
180.08043,4.044e-21,NaN
180.08067,3.942e-21,NaN
180.08091,3.905e-21,NaN
180.08115,3.86e-21,NaN
180.08139,3.81e-21,NaN
180.08163,3.772e-21,NaN
180.08187,3.819e-21,NaN
180.08211,3.76e-21,NaN
180.08235,3.699e-21,NaN
180.08259,3.61e-21,NaN
180.08283,3.582e-21,NaN
180.08307,3.608e-21,NaN
180.08331,3.609e-21,NaN
180.08355,3.588e-21,NaN
180.08379,3.586e-21,NaN
180.08403,3.569e-21,NaN
180.08427,3.55e-21,NaN
180.08451,3.568e-21,NaN
180.08475,3.599e-21,NaN
180.08499,3.614e-21,NaN
180.08523,3.655e-21,NaN
180.08547,3.731e-21,NaN
180.08571,3.825e-21,NaN
180.08595,3.936e-21,NaN
180.08619,4.11e-21,NaN
180.08643,4.258e-21,NaN
180.08667,4.466e-21,NaN
180.08728,5.732e-21,NaN
180.08757,6.728e-21,NaN
180.08786,7.923e-21,NaN
180.08816,8.828e-21,NaN
180.08845,8.056e-21,NaN
180.08874,6.658e-21,NaN
180.08904,5.784e-21,NaN
180.08948,5.459e-21,NaN
180.08972,5.216e-21,NaN
180.08996,4.969e-21,NaN
180.0902,4.736e-21,NaN
180.09044,4.524e-21,NaN
180.09068,4.338e-21,NaN
180.09092,4.19e-21,NaN
180.09116,4.06e-21,NaN
180.0914,3.936e-21,NaN
180.09164,3.848e-21,NaN
180.09188,3.762e-21,NaN
180.09212,3.657e-21,NaN
180.09236,3.604e-21,NaN
180.0926,3.524e-21,NaN
180.09284,3.467e-21,NaN
180.09308,3.402e-21,NaN
180.09332,3.3e-21,NaN
180.09356,3.238e-21,NaN
180.0938,3.222e-21,NaN
180.09404,3.219e-21,NaN
180.09428,3.245e-21,NaN
180.09452,3.279e-21,NaN
180.09476,3.339e-21,NaN
180.095,3.415e-21,NaN
180.09524,3.449e-21,NaN
180.09548,3.499e-21,NaN
180.09572,3.508e-21,NaN
180.09596,3.53e-21,NaN
180.0962,3.496e-21,NaN
180.09644,3.468e-21,NaN
180.09668,3.436e-21,NaN
180.09692,3.431e-21,NaN
180.09716,3.444e-21,NaN
180.0974,3.495e-21,NaN
180.09764,3.63e-21,NaN
180.0978,4.417e-21,NaN
180.09809,5.084e-21,NaN
180.09838,5.369e-21,NaN
180.09867,6.497e-21,NaN
180.09897,7.895e-21,NaN
180.09926,8.518e-21,NaN
180.09955,7.083e-21,NaN
180.09984,7.083e-21,NaN
180.10013,6.89e-21,NaN
180.10043,4.908e-21,NaN
180.10072,4.42e-21,NaN
180.10148,3.782e-21,NaN
180.10172,3.65e-21,NaN
180.10196,3.527e-21,NaN
180.1022,3.426e-21,NaN
180.10245,3.309e-21,NaN
180.10269,3.148e-21,NaN
180.10293,3.014e-21,NaN
180.10317,2.855e-21,NaN
180.10341,2.7e-21,NaN
180.10365,2.604e-21,NaN
180.10389,2.534e-21,NaN
180.10413,2.499e-21,NaN
180.10437,2.426e-21,NaN
180.10461,2.365e-21,NaN
180.10485,2.331e-21,NaN
180.10509,2.296e-21,NaN
180.10533,2.267e-21,NaN
180.10557,2.258e-21,NaN
180.10581,2.246e-21,NaN
180.10605,2.223e-21,NaN
180.10629,2.217e-21,NaN
180.10653,2.225e-21,NaN
180.10677,2.265e-21,NaN
180.10701,2.331e-21,NaN
180.10725,2.44e-21,NaN
180.10749,2.537e-21,NaN
180.10773,2.603e-21,NaN
180.10797,2.621e-21,NaN
180.10821,2.624e-21,NaN
180.10845,2.585e-21,NaN
180.10869,2.506e-21,NaN
180.10893,2.437e-21,NaN
180.10917,2.329e-21,NaN
180.10941,2.243e-21,NaN
180.10965,2.195e-21,NaN
180.10989,2.157e-21,NaN
180.11013,2.142e-21,NaN
180.11037,2.137e-21,NaN
180.11061,2.168e-21,NaN
180.11085,2.231e-21,NaN
180.11109,2.333e-21,NaN
180.11133,2.438e-21,NaN
180.11157,2.572e-21,NaN
180.11181,2.731e-21,NaN
180.11205,2.912e-21,NaN
180.11229,3.166e-21,NaN
180.11253,3.419e-21,NaN
180.11277,3.577e-21,NaN
180.11301,3.7e-21,NaN
180.11325,3.728e-21,NaN
180.11349,3.631e-21,NaN
180.11373,3.542e-21,NaN
180.11397,3.356e-21,NaN
180.11421,3.159e-21,NaN
180.11445,2.995e-21,NaN
180.11469,2.839e-21,NaN
180.11493,2.748e-21,NaN
180.11517,2.683e-21,NaN
180.11541,2.645e-21,NaN
180.11565,2.653e-21,NaN
180.11589,2.708e-21,NaN
180.11613,2.855e-21,NaN
180.1165,4.408e-21,NaN
180.11679,5.97e-21,NaN
180.11708,6.817e-21,NaN
180.11737,7.982e-21,NaN
180.11767,9.751e-21,NaN
180.11796,1.019e-20,NaN
180.11825,1.007e-20,NaN
180.11854,1.017e-20,NaN
180.11884,9.0e-21,NaN
180.11913,7.108e-21,NaN
180.11942,5.769e-21,NaN
180.1195,3.126e-21,NaN
180.11974,2.897e-21,NaN
180.11998,2.691e-21,NaN
180.12022,2.522e-21,NaN
180.12046,2.387e-21,NaN
180.1207,2.284e-21,NaN
180.12094,2.206e-21,NaN
180.12118,2.158e-21,NaN
180.12142,2.161e-21,NaN
180.12166,2.152e-21,NaN
180.1219,2.162e-21,NaN
180.12214,2.191e-21,NaN
180.12238,2.207e-21,NaN
180.12262,2.239e-21,NaN
180.12286,2.29e-21,NaN
180.1231,2.331e-21,NaN
180.12334,2.377e-21,NaN
180.12358,2.416e-21,NaN
180.12382,2.477e-21,NaN
180.12406,2.512e-21,NaN
180.1243,2.542e-21,NaN
180.12454,2.596e-21,NaN
180.12478,2.654e-21,NaN
180.12502,2.722e-21,NaN
180.12526,2.801e-21,NaN
180.1255,2.893e-21,NaN
180.12574,3.01e-21,NaN
180.12598,3.135e-21,NaN
180.12622,3.286e-21,NaN
180.12646,3.384e-21,NaN
180.1267,3.484e-21,NaN
180.12694,3.536e-21,NaN
180.12718,3.592e-21,NaN
180.12742,3.714e-21,NaN
180.12766,3.879e-21,NaN
180.1279,4.146e-21,NaN
180.12814,4.569e-21,NaN
180.12848,5.059e-21,NaN
180.12877,7.024e-21,NaN
180.12907,8.326e-21,NaN
180.12936,9.538e-21,NaN
180.12965,1.098e-20,NaN
180.12994,1.162e-20,NaN
180.13023,1.247e-20,NaN
180.13053,1.398e-20,NaN
180.13082,1.441e-20,NaN
180.13111,1.615e-20,NaN
180.1314,1.702e-20,NaN
180.13169,1.826e-20,NaN
180.13199,1.899e-20,NaN
180.13228,1.937e-20,NaN
180.13257,1.948e-20,NaN
180.13287,1.877e-20,NaN
180.13316,1.568e-20,NaN
180.13345,1.271e-20,NaN
180.13374,1.055e-20,NaN
180.13403,9.723e-21,NaN
180.13433,8.443e-21,NaN
180.13462,6.254e-21,NaN
180.13491,5.339e-21,NaN
180.1352,5.634e-21,NaN
180.13549,6.813e-21,NaN
180.13579,8.038e-21,NaN
180.13608,9.367e-21,NaN
180.13637,1.199e-20,NaN
180.13667,1.507e-20,NaN
180.13696,1.786e-20,NaN
180.13725,2.054e-20,NaN
180.13754,2.246e-20,NaN
180.13783,2.241e-20,NaN
180.13813,2.205e-20,NaN
180.13842,2.169e-20,NaN
180.13871,2.045e-20,NaN
180.139,1.793e-20,NaN
180.13929,1.578e-20,NaN
180.13959,1.333e-20,NaN
180.13988,1.011e-20,NaN
180.14015,7.336e-21,NaN
180.14039,6.653e-21,NaN
180.14063,5.999e-21,NaN
180.14087,5.51e-21,NaN
180.14111,5.089e-21,NaN
180.14135,4.765e-21,NaN
180.14159,4.555e-21,NaN
180.14183,4.393e-21,NaN
180.14207,4.33e-21,NaN
180.14231,4.337e-21,NaN
180.14255,4.353e-21,NaN
180.14279,4.319e-21,NaN
180.14303,4.263e-21,NaN
180.14327,4.267e-21,NaN
180.14351,4.317e-21,NaN
180.14375,4.333e-21,NaN
180.14399,4.388e-21,NaN
180.14423,4.504e-21,NaN
180.14447,4.592e-21,NaN
180.14471,4.668e-21,NaN
180.14495,4.821e-21,NaN
180.14519,5.015e-21,NaN
180.14543,5.326e-21,NaN
180.14567,5.719e-21,NaN
180.14591,6.261e-21,NaN
180.14615,6.708e-21,NaN
180.14639,7.613e-21,NaN
180.14663,8.414e-21,NaN
180.14687,9.233e-21,NaN
180.14719,1.397e-20,NaN
180.14748,1.779e-20,NaN
180.14777,2.25e-20,NaN
180.14807,2.698e-20,NaN
180.14827,2.831e-20,NaN
180.14856,2.867e-20,NaN
180.14886,2.783e-20,NaN
180.14915,2.45e-20,NaN
180.14953,1.822e-20,NaN
180.14982,1.266e-20,NaN
180.15,6.252e-21,NaN
180.15024,5.39e-21,NaN
180.15048,4.826e-21,NaN
180.15072,4.367e-21,NaN
180.15096,3.994e-21,NaN
180.1512,3.721e-21,NaN
180.15144,3.482e-21,NaN
180.15168,3.268e-21,NaN
180.15192,3.113e-21,NaN
180.15216,3.028e-21,NaN
180.1524,2.972e-21,NaN
180.15264,2.934e-21,NaN
180.15288,2.893e-21,NaN
180.15312,2.856e-21,NaN
180.15336,2.819e-21,NaN
180.1536,2.838e-21,NaN
180.15384,2.875e-21,NaN
180.15408,2.937e-21,NaN
180.15479,3.886e-21,NaN
180.15508,4.18e-21,NaN
180.15537,3.478e-21,NaN
180.15567,4.416e-21,NaN
180.15596,5.654e-21,NaN
180.15625,6.677e-21,NaN
180.15654,8.089e-21,NaN
180.15684,8.859e-21,NaN
180.15713,7.469e-21,NaN
180.15744,2.956e-21,NaN
180.15768,2.787e-21,NaN
180.15792,2.677e-21,NaN
180.15816,2.56e-21,NaN
180.1584,2.49e-21,NaN
180.15864,2.431e-21,NaN
180.15888,2.393e-21,NaN
180.15912,2.387e-21,NaN
180.15936,2.398e-21,NaN
180.1596,2.393e-21,NaN
180.15984,2.367e-21,NaN
180.16008,2.348e-21,NaN
180.16032,2.341e-21,NaN
180.16056,2.361e-21,NaN
180.1608,2.391e-21,NaN
180.16104,2.412e-21,NaN
180.16128,2.44e-21,NaN
180.16152,2.483e-21,NaN
180.16176,2.492e-21,NaN
180.162,2.506e-21,NaN
180.16225,2.572e-21,NaN
180.16249,2.604e-21,NaN
180.16273,2.622e-21,NaN
180.16297,2.652e-21,NaN
180.16321,2.647e-21,NaN
180.16345,2.657e-21,NaN
180.16369,2.663e-21,NaN
180.16393,2.632e-21,NaN
180.16417,2.641e-21,NaN
180.16441,2.689e-21,NaN
180.16465,2.714e-21,NaN
180.16489,2.751e-21,NaN
180.16513,2.753e-21,NaN
180.16537,2.788e-21,NaN
180.16561,2.829e-21,NaN
180.16585,2.873e-21,NaN
180.16609,2.926e-21,NaN
180.16633,2.967e-21,NaN
180.16657,3.015e-21,NaN
180.16681,3.112e-21,NaN
180.16705,3.175e-21,NaN
180.16729,3.24e-21,NaN
180.16753,3.316e-21,NaN
180.16777,3.427e-21,NaN
180.16801,3.49e-21,NaN
180.16825,3.583e-21,NaN
180.16849,3.631e-21,NaN
180.16873,3.712e-21,NaN
180.16897,3.791e-21,NaN
180.16921,3.898e-21,NaN
180.16945,4.006e-21,NaN
180.16969,4.043e-21,NaN
180.16993,4.105e-21,NaN
180.17017,4.142e-21,NaN
180.17041,4.172e-21,NaN
180.17065,4.251e-21,NaN
180.17089,4.253e-21,NaN
180.17113,4.318e-21,NaN
180.17137,4.344e-21,NaN
180.17161,4.378e-21,NaN
180.17185,4.446e-21,NaN
180.17209,4.571e-21,NaN
180.17233,4.76e-21,NaN
180.17257,4.962e-21,NaN
180.17281,5.078e-21,NaN
180.17305,5.186e-21,NaN
180.17329,5.283e-21,NaN
180.17353,5.333e-21,NaN
180.17377,5.294e-21,NaN
180.17401,5.214e-21,NaN
180.17425,5.145e-21,NaN
180.17449,5.095e-21,NaN
180.17473,5.089e-21,NaN
180.17497,5.054e-21,NaN
180.17521,5.102e-21,NaN
180.17545,5.209e-21,NaN
180.17569,5.325e-21,NaN
180.17593,5.415e-21,NaN
180.17617,5.536e-21,NaN
180.17641,5.695e-21,NaN
180.17665,5.819e-21,NaN
180.17689,5.865e-21,NaN
180.17714,6.095e-21,NaN
180.17738,6.368e-21,NaN
180.17762,6.569e-21,NaN
180.17786,6.808e-21,NaN
180.1781,7.094e-21,NaN
180.17834,7.388e-21,NaN
180.17858,7.632e-21,NaN
180.17882,7.985e-21,NaN
180.17905,8.245e-21,NaN
180.17929,8.603e-21,NaN
180.17953,9.008e-21,NaN
180.17977,9.472e-21,NaN
180.18001,9.972e-21,NaN
180.18025,1.026e-20,NaN
180.18086,1.149e-20,NaN
180.18114,1.3e-20,NaN
180.18144,1.378e-20,NaN
180.18173,1.513e-20,NaN
180.18202,1.712e-20,NaN
180.18231,1.9e-20,NaN
180.1826,2.039e-20,NaN
180.18289,2.174e-20,NaN
180.18307,2.364e-20,NaN
180.18347,2.566e-20,NaN
180.18365,2.757e-20,NaN
180.18394,2.949e-20,NaN
180.18423,3.201e-20,NaN
180.18452,3.613e-20,NaN
180.18485,4.143e-20,NaN
180.1851,4.706e-20,NaN
180.18543,5.38e-20,NaN
180.18572,6.186e-20,NaN
180.18601,7.24e-20,NaN
180.18628,8.569e-20,NaN
180.18657,9.871e-20,NaN
180.18686,1.105e-19,NaN
180.18715,1.227e-19,NaN
180.18744,1.359e-19,NaN
180.18773,1.484e-19,NaN
180.18802,1.575e-19,NaN
180.18831,1.648e-19,NaN
180.18865,1.737e-19,NaN
180.18896,1.822e-19,NaN
180.18923,1.865e-19,NaN
180.18948,1.863e-19,NaN
180.18981,1.833e-19,NaN
180.19012,1.753e-19,NaN
180.19041,1.628e-19,NaN
180.1907,1.506e-19,NaN
180.19099,1.409e-19,NaN
180.19122,1.334e-19,NaN
180.19151,1.262e-19,NaN
180.19179,1.169e-19,NaN
180.19209,1.096e-19,NaN
180.19238,1.084e-19,NaN
180.19267,1.135e-19,NaN
180.19296,1.235e-19,NaN
180.19325,1.355e-19,NaN
180.19354,1.489e-19,NaN
180.19384,1.614e-19,NaN
180.19419,1.675e-19,NaN
180.19448,1.65e-19,NaN
180.19477,1.555e-19,NaN
180.19504,1.4e-19,NaN
180.19529,1.182e-19,NaN
180.1956,9.536e-20,NaN
180.19589,7.734e-20,NaN
180.19618,6.502e-20,NaN
180.19647,5.619e-20,NaN
180.19676,4.874e-20,NaN
180.19701,4.204e-20,NaN
180.19731,3.589e-20,NaN
180.1976,3.068e-20,NaN
180.19789,2.664e-20,NaN
180.19818,2.304e-20,NaN
180.19858,1.948e-20,NaN
180.19887,1.656e-20,NaN
180.19916,1.468e-20,NaN
180.19945,1.36e-20,NaN
180.19974,1.289e-20,NaN
180.20019,1.01e-20,NaN
180.20043,9.644e-21,NaN
180.20067,9.258e-21,NaN
180.20091,8.989e-21,NaN
180.20115,8.543e-21,NaN
180.20139,8.177e-21,NaN
180.20163,7.824e-21,NaN
180.20187,7.532e-21,NaN
180.20211,7.285e-21,NaN
180.20235,7.001e-21,NaN
180.20259,6.829e-21,NaN
180.20283,6.552e-21,NaN
180.20307,6.28e-21,NaN
180.20331,6.145e-21,NaN
180.20355,6.055e-21,NaN
180.20379,5.93e-21,NaN
180.20403,5.82e-21,NaN
180.20427,5.777e-21,NaN
180.20451,5.745e-21,NaN
180.20475,5.683e-21,NaN
180.20499,5.613e-21,NaN
180.20523,5.497e-21,NaN
180.20547,5.383e-21,NaN
180.20571,5.362e-21,NaN
180.20595,5.33e-21,NaN
180.20619,5.304e-21,NaN
180.20643,5.181e-21,NaN
180.20667,5.114e-21,NaN
180.20691,5.091e-21,NaN
180.20715,5.06e-21,NaN
180.20739,4.927e-21,NaN
180.20763,4.864e-21,NaN
180.20787,4.718e-21,NaN
180.20811,4.598e-21,NaN
180.20835,4.45e-21,NaN
180.20859,4.272e-21,NaN
180.20884,4.16e-21,NaN
180.20908,4.022e-21,NaN
180.20932,3.966e-21,NaN
180.20956,3.919e-21,NaN
180.2098,3.772e-21,NaN
180.21004,3.646e-21,NaN
180.21028,3.531e-21,NaN
180.21052,3.429e-21,NaN
180.21076,3.357e-21,NaN
180.211,3.28e-21,NaN
180.21124,3.206e-21,NaN
180.21148,3.197e-21,NaN
180.21172,3.218e-21,NaN
180.21196,3.248e-21,NaN
180.2122,3.308e-21,NaN
180.21244,3.375e-21,NaN
180.21268,3.406e-21,NaN
180.21292,3.407e-21,NaN
180.21316,3.4e-21,NaN
180.2134,3.391e-21,NaN
180.21364,3.353e-21,NaN
180.21388,3.301e-21,NaN
180.21412,3.199e-21,NaN
180.21436,3.138e-21,NaN
180.2146,3.038e-21,NaN
180.21484,2.984e-21,NaN
180.21508,2.911e-21,NaN
180.21532,2.824e-21,NaN
180.21556,2.754e-21,NaN
180.2158,2.687e-21,NaN
180.21604,2.62e-21,NaN
180.21628,2.549e-21,NaN
180.21652,2.502e-21,NaN
180.21676,2.472e-21,NaN
180.217,2.463e-21,NaN
180.21724,2.463e-21,NaN
180.21748,2.463e-21,NaN
180.21772,2.488e-21,NaN
180.21796,2.533e-21,NaN
180.2182,2.553e-21,NaN
180.21844,2.595e-21,NaN
180.21868,2.64e-21,NaN
180.21892,2.68e-21,NaN
180.21916,2.746e-21,NaN
180.2194,2.839e-21,NaN
180.21964,2.911e-21,NaN
180.21988,2.979e-21,NaN
180.22012,3.006e-21,NaN
180.22036,2.983e-21,NaN
180.2206,2.932e-21,NaN
180.22084,2.918e-21,NaN
180.22108,2.882e-21,NaN
180.22132,2.848e-21,NaN
180.22156,2.82e-21,NaN
180.2218,2.833e-21,NaN
180.22204,2.867e-21,NaN
180.22228,2.912e-21,NaN
180.22252,2.939e-21,NaN
180.22276,2.951e-21,NaN
180.22301,2.903e-21,NaN
180.22325,2.857e-21,NaN
180.22349,2.785e-21,NaN
180.22373,2.731e-21,NaN
180.22397,2.68e-21,NaN
180.22421,2.665e-21,NaN
180.22445,2.64e-21,NaN
180.22469,2.622e-21,NaN
180.22493,2.623e-21,NaN
180.22517,2.612e-21,NaN
180.22541,2.614e-21,NaN
180.22565,2.608e-21,NaN
180.22589,2.583e-21,NaN
180.22613,2.559e-21,NaN
180.22637,2.55e-21,NaN
180.22661,2.59e-21,NaN
180.22685,2.62e-21,NaN
180.22709,2.638e-21,NaN
180.22733,2.666e-21,NaN
180.22758,2.671e-21,NaN
180.22782,2.657e-21,NaN
180.22806,2.669e-21,NaN
180.22829,2.691e-21,NaN
180.22853,2.693e-21,NaN
180.22877,2.671e-21,NaN
